
正在输出正弦波...
[1.5, 1.65, 1.83, 2.03, 2.19, 2.37, 2.52, 2.7, 2.81, 2.95, 3.07, 3.17, 3.23, 3.27, 3.27, 3.28, 3.27, 3.23, 3.12, 3.05, 2.94, 2.77, 2.64, 2.5, 2.34, 2.15, 1.99, 1.81, 1.63, 1.48, 1.3, 1.14, 0.9700001, 0.8, 0.6, 0.41, 0.25, 0.05, -0.14, -0.32, -0.54, -0.72, -0.91, -1.11, -1.29, -1.49, -1.64, -1.83, -1.99, -2.14, -2.3, -2.44, -2.59, -2.71, -2.83, -2.96, -3.04, -3.14, -3.21, -3.27, -3.3, -3.3, -3.3, -3.3, -3.3, -3.3, -3.3, -3.3, -3.3, -3.27, -3.22, -3.15, -3.07, -2.96, -2.85, -2.74, -2.61, -2.46, -2.32, -2.19, -2.02, -1.87, -1.69, -1.52, -1.34, -1.13, -0.9599999, -0.77, -0.57, -0.38, -0.18, 0.02, 0.21, 0.37, 0.55, 0.74, 0.91, 1.08, 1.25, 1.42, 1.58, 1.75, 1.92, 2.09, 2.26, 2.45, 2.61, 2.78, 2.9, 3.0, 3.12, 3.17, 3.28, 3.28, 3.27, 3.27, 3.23, 3.18, 3.1, 2.99, 2.86, 2.73, 2.56, 2.4, 2.23, 2.06, 1.89, 1.72]
正在输出正弦波...
[1.92, 2.19, 2.37, 2.62, 2.77, 2.95, 3.09, 3.18, 3.28, 3.27, 3.27, 3.23, 3.17, 3.03, 2.96, 2.74, 2.58, 2.34, 2.16, 1.91, 1.72, 1.47, 1.29, 1.06, 0.87, 0.6, 0.42, 0.15, -0.03, -0.33, -0.54, -0.83, -1.01, -1.27, -1.48, -1.74, -1.91, -2.14, -2.3, -2.52, -2.66, -2.83, -2.95, -3.08, -3.16, -3.27, -3.3, -3.3, -3.3, -3.3, -3.3, -3.3, -3.3, -3.27, -3.23, -3.11, -3.01, -2.85, -2.74, -2.55, -2.4, -2.19, -2.02, -1.79, -1.62, -1.32, -1.13, -0.86, -0.68, -0.37, -0.18, 0.1, 0.3, 0.56, 0.74, 1.01, 1.17, 1.43, 1.58, 1.83, 2.03, 2.26, 2.48, 2.7, 2.81, 2.99, 3.12, 3.23, 3.28, 3.27, 3.27, 3.23, 3.12, 3.0, 2.86, 2.65, 2.5, 2.22, 2.06, 1.81, 1.63, 1.38, 1.26, 0.9700001, 0.8, 0.51, 0.34, 0.06, -0.13, -0.44, -0.63, -0.92, -1.11, -1.37, -1.57, -1.84, -1.99, -2.24, -2.37, -2.58, -2.71, -2.9, -3.0, -3.14, -3.21, -3.3, -3.3, -3.3]
正在输出正弦波...
[2.53, 2.78, 2.95, 3.12, 3.22, 3.26, 3.27, 3.23, 3.09, 2.95, 2.72, 2.5, 2.23, 1.88, 1.63, 1.37, 1.14, 0.87, 0.6, 0.34, 0.06, -0.33, -0.63, -0.92, -1.19, -1.47, -1.74, -2.0, -2.24, -2.53, -2.72, -2.9, -3.03, -3.16, -3.27, -3.3, -3.3, -3.3, -3.3, -3.3, -3.3, -3.22, -3.11, -2.96, -2.81, -2.55, -2.32, -2.12, -1.86, -1.62, -1.33, -1.07, -0.76, -0.36, -0.08, 0.2, 0.46, 0.75, 1.01, 1.25, 1.5, 1.83, 2.09, 2.38, 2.61, 2.82, 2.99, 3.18, 3.28, 3.27, 3.28, 3.18, 3.04, 2.86, 2.65, 2.4, 2.16, 1.82, 1.55, 1.31, 1.06, 0.79, 0.51, 0.25, -0.07, -0.44, -0.72, -1.01, -1.29, -1.56, -1.84, -2.07, -2.3, -2.6, -2.79, -2.95, -3.09, -3.21, -3.29, -3.3, -3.3, -3.3, -3.3, -3.3, -3.27, -3.18, -3.06, -2.93, -2.74, -2.46, -2.25, -2.02, -1.79, -1.52, -1.24, -0.9700001, -0.68, -0.28, 0.02, 0.29, 0.56, 0.85, 1.09, 1.35, 1.58, 1.92, 2.19, 2.45]
正在输出正弦波...
[2.91, 3.08, 3.22, 3.27, 3.27, 3.18, 3.03, 2.78, 2.57, 2.23, 1.89, 1.63, 1.3, 1.06, 0.7, 0.41, 0.06, -0.33, -0.63, -1.01, -1.29, -1.63, -1.91, -2.23, -2.52, -2.71, -2.95, -3.09, -3.25, -3.3, -3.3, -3.3, -3.3, -3.3, -3.27, -3.16, -3.03, -2.8, -2.54, -2.33, -2.03, -1.79, -1.43, -1.12, -0.76, -0.38, -0.09, 0.29, 0.55, 0.92, 1.19, 1.5, 1.84, 2.09, 2.44, 2.69, 2.95, 3.13, 3.26, 3.28, 3.28, 3.13, 2.99, 2.73, 2.5, 2.15, 1.81, 1.55, 1.22, 0.9700001, 0.6, 0.34, -0.04, -0.44, -0.72, -1.11, -1.39, -1.74, -1.99, -2.29, -2.6, -2.78, -2.99, -3.13, -3.28, -3.3, -3.3, -3.3, -3.3, -3.3, -3.25, -3.11, -2.97, -2.74, -2.48, -2.27, -1.96, -1.69, -1.32, -1.07, -0.68, -0.28, 0.02, 0.36, 0.65, 1.02, 1.25, 1.58, 1.93, 2.2, 2.54, 2.76, 2.99, 3.17, 3.28, 3.27, 3.22, 3.07, 2.95, 2.65, 2.41, 2.06, 1.73, 1.47, 1.14, 0.88, 0.51, 0.23]
正在输出正弦波...
[3.17, 3.27, 3.28, 3.13, 2.95, 2.65, 2.35, 1.89, 1.55, 1.22, 0.87, 0.51, 0.16, -0.33, -0.72, -1.11, -1.47, -1.84, -2.14, -2.52, -2.79, -2.99, -3.15, -3.3, -3.3, -3.3, -3.3, -3.3, -3.22, -3.07, -2.86, -2.55, -2.25, -1.95, -1.61, -1.23, -0.88, -0.38, 0.01, 0.36, 0.75, 1.08, 1.42, 1.84, 2.19, 2.54, 2.81, 3.09, 3.23, 3.27, 3.23, 3.08, 2.86, 2.57, 2.22, 1.81, 1.48, 1.14, 0.78, 0.41, 0.07, -0.44, -0.83, -1.19, -1.57, -1.91, -2.24, -2.59, -2.84, -3.04, -3.2, -3.3, -3.3, -3.3, -3.3, -3.3, -3.18, -3.01, -2.81, -2.46, -2.19, -1.88, -1.52, -1.14, -0.77, -0.28, 0.09, 0.46, 0.85, 1.17, 1.5, 1.92, 2.26, 2.61, 2.9, 3.12, 3.28, 3.28, 3.23, 3.05, 2.76, 2.5, 2.15, 1.74, 1.37, 1.06, 0.7, 0.34, -0.05, -0.54, -0.92, -1.28, -1.63, -1.99, -2.29, -2.66, -2.91, -3.09, -3.25, -3.3, -3.3, -3.3, -3.3, -3.27, -3.15, -2.97, -2.74, -2.4]
正在输出正弦波...
[3.28, 3.27, 3.1, 2.85, 2.47, 2.16, 1.73, 1.38, 0.9700001, 0.6, 0.16, -0.33, -0.72, -1.19, -1.57, -1.99, -2.3, -2.66, -2.91, -3.13, -3.28, -3.3, -3.3, -3.3, -3.3, -3.18, -2.96, -2.74, -2.37, -2.13, -1.7, -1.32, -0.86, -0.38, 0.01, 0.46, 0.85, 1.24, 1.58, 2.03, 2.38, 2.77, 2.99, 3.23, 3.27, 3.23, 3.04, 2.77, 2.4, 2.06, 1.63, 1.3, 0.86, 0.5, 0.06, -0.43, -0.83, -1.29, -1.64, -2.07, -2.37, -2.72, -2.95, -3.17, -3.3, -3.3, -3.3, -3.3, -3.28, -3.15, -2.92, -2.69, -2.32, -2.03, -1.62, -1.24, -0.76, -0.28, 0.1, 0.56, 0.91, 1.35, 1.65, 2.09, 2.45, 2.81, 3.08, 3.28, 3.27, 3.22, 3.0, 2.71, 2.33, 1.99, 1.57, 1.22, 0.79, 0.41, -0.03, -0.53, -0.92, -1.37, -1.74, -2.14, -2.44, -2.78, -2.99, -3.21, -3.3, -3.3, -3.3, -3.3, -3.25, -3.1, -2.85, -2.61, -2.25, -1.95, -1.52, -1.13, -0.68, -0.18, 0.2, 0.65, 1.01, 1.44, 1.75, 2.18]
正在输出正弦波...
[3.21, 3.04, 2.73, 2.33, 1.9, 1.47, 1.06, 0.6, 0.16, -0.33, -0.83, -1.29, -1.75, -2.14, -2.53, -2.83, -3.09, -3.27, -3.3, -3.3, -3.3, -3.28, -3.11, -2.86, -2.55, -2.19, -1.78, -1.33, -0.87, -0.38, 0.1, 0.56, 1.01, 1.42, 1.83, 2.26, 2.68, 2.99, 3.22, 3.26, 3.22, 3.0, 2.66, 2.24, 1.8, 1.37, 0.9599999, 0.5, 0.06, -0.44, -0.92, -1.38, -1.84, -2.24, -2.59, -2.91, -3.14, -3.3, -3.3, -3.3, -3.3, -3.25, -3.07, -2.8, -2.48, -2.13, -1.69, -1.24, -0.76, -0.28, 0.2, 0.65, 1.09, 1.5, 1.93, 2.38, 2.78, 3.09, 3.26, 3.28, 3.17, 2.93, 2.57, 2.16, 1.72, 1.31, 0.87, 0.42, -0.03, -0.54, -1.02, -1.47, -1.91, -2.3, -2.67, -2.95, -3.16, -3.3, -3.3, -3.3, -3.3, -3.23, -3.02, -2.74, -2.41, -2.01, -1.61, -1.13, -0.67, -0.19, 0.29, 0.75, 1.18, 1.58, 2.02, 2.45, 2.81, 3.12, 3.28, 3.27, 3.13, 2.85, 2.5, 2.06, 1.63, 1.23, 0.79, 0.34]
正在输出正弦波...
[3.0, 2.65, 2.15, 1.73, 1.22, 0.79, 0.24, -0.33, -0.83, -1.39, -1.83, -2.3, -2.66, -2.99, -3.2, -3.3, -3.3, -3.3, -3.25, -3.07, -2.73, -2.39, -1.94, -1.52, -0.9700001, -0.36, 0.11, 0.65, 1.09, 1.58, 2.02, 2.52, 2.91, 3.18, 3.28, 3.23, 2.94, 2.56, 2.06, 1.63, 1.14, 0.69, 0.16, -0.44, -0.92, -1.47, -1.91, -2.37, -2.72, -3.04, -3.25, -3.3, -3.3, -3.3, -3.22, -3.02, -2.68, -2.32, -1.86, -1.43, -0.87, -0.28, 0.2, 0.75, 1.18, 1.66, 2.09, 2.6, 2.93, 3.22, 3.27, 3.17, 2.86, 2.55, 1.98, 1.56, 1.06, 0.6, 0.05, -0.53, -1.02, -1.57, -2.0, -2.44, -2.79, -3.08, -3.28, -3.3, -3.3, -3.3, -3.19, -2.97, -2.61, -2.24, -1.79, -1.33, -0.77, -0.19, 0.29, 0.83, 1.25, 1.75, 2.19, 2.68, 2.99, 3.26, 3.28, 3.12, 2.78, 2.41, 1.88, 1.48, 0.9700001, 0.5, -0.05, -0.64, -1.11, -1.64, -2.07, -2.52, -2.83, -3.14, -3.3, -3.3, -3.3, -3.3, -3.16, -2.93]
正在输出正弦波...
[2.5, 1.9, 1.37, 0.88, 0.34, -0.33, -0.91, -1.47, -1.99, -2.52, -2.9, -3.15, -3.3, -3.3, -3.3, -3.22, -2.97, -2.55, -2.12, -1.62, -1.06, -0.38, 0.2, 0.74, 1.25, 1.83, 2.37, 2.81, 3.17, 3.3, 3.17, 2.86, 2.41, 1.8, 1.3, 0.79, 0.25, -0.44, -1.01, -1.57, -2.07, -2.6, -2.95, -3.2, -3.3, -3.3, -3.3, -3.18, -2.93, -2.48, -2.01, -1.52, -0.9700001, -0.28, 0.29, 0.85, 1.35, 1.92, 2.41, 2.91, 3.16, 3.26, 3.12, 2.77, 2.34, 1.73, 1.23, 0.69, 0.16, -0.54, -1.11, -1.63, -2.14, -2.65, -3.0, -3.26, -3.3, -3.3, -3.3, -3.16, -2.85, -2.4, -1.96, -1.44, -0.87, -0.19, 0.37, 0.92, 1.42, 2.03, 2.54, 2.95, 3.23, 3.29, 3.07, 2.74, 2.22, 1.63, 1.13, 0.61, 0.06, -0.62, -1.18, -1.74, -2.24, -2.71, -3.05, -3.28, -3.3, -3.3, -3.3, -3.11, -2.81, -2.33, -1.86, -1.33, -0.77, -0.09, 0.47, 1.01, 1.51, 2.09, 2.61, 3.0, 3.27, 3.27, 3.05, 2.65]
正在输出正弦波...
[1.63, 1.06, 0.42, -0.33, -1.02, -1.63, -2.24, -2.72, -3.09, -3.3, -3.3, -3.3, -3.15, -2.81, -2.32, -1.78, -1.13, -0.37, 0.29, 0.9, 1.5, 2.09, 2.68, 3.12, 3.26, 3.12, 2.73, 2.16, 1.55, 0.9700001, 0.34, -0.44, -1.1, -1.75, -2.3, -2.79, -3.14, -3.3, -3.3, -3.3, -3.11, -2.74, -2.25, -1.69, -1.06, -0.28, 0.36, 1.01, 1.58, 2.19, 2.77, 3.17, 3.28, 3.08, 2.65, 2.06, 1.48, 0.87, 0.24, -0.54, -1.18, -1.84, -2.37, -2.83, -3.16, -3.3, -3.3, -3.3, -3.07, -2.68, -2.19, -1.62, -0.9700001, -0.18, 0.47, 1.08, 1.67, 2.27, 2.83, 3.18, 3.28, 3.04, 2.57, 1.99, 1.37, 0.79, 0.15, -0.64, -1.28, -1.91, -2.44, -2.91, -3.2, -3.3, -3.3, -3.27, -3.02, -2.6, -2.11, -1.52, -0.87, -0.1, 0.56, 1.17, 1.76, 2.37, 2.92, 3.22, 3.27, 2.98, 2.49, 1.89, 1.3, 0.7, 0.05, -0.71, -1.38, -2.0, -2.51, -2.95, -3.26, -3.3, -3.3, -3.25, -2.96, -2.54, -2.02, -1.42]
正在输出正弦波...
[1.63, 1.06, 0.41, -0.32, -1.02, -1.63, -2.24, -2.71, -3.09, -3.3, -3.3, -3.3, -3.16, -2.81, -2.32, -1.79, -1.14, -0.38, 0.29, 0.92, 1.5, 2.09, 2.69, 3.12, 3.28, 3.13, 2.73, 2.15, 1.55, 0.9599999, 0.34, -0.44, -1.12, -1.74, -2.3, -2.78, -3.13, -3.3, -3.3, -3.3, -3.12, -2.74, -2.26, -1.7, -1.07, -0.28, 0.37, 1.01, 1.59, 2.18, 2.76, 3.17, 3.28, 3.08, 2.64, 2.05, 1.48, 0.88, 0.24, -0.53, -1.19, -1.83, -2.37, -2.82, -3.16, -3.3, -3.3, -3.3, -3.07, -2.69, -2.18, -1.61, -0.9599999, -0.18, 0.47, 1.08, 1.66, 2.27, 2.81, 3.17, 3.27, 3.04, 2.58, 1.99, 1.38, 0.79, 0.15, -0.64, -1.28, -1.91, -2.44, -2.9, -3.2, -3.3, -3.3, -3.27, -3.02, -2.61, -2.12, -1.52, -0.88, -0.1, 0.56, 1.17, 1.75, 2.37, 2.91, 3.23, 3.28, 3.0, 2.49, 1.89, 1.29, 0.7, 0.06, -0.72, -1.37, -2.0, -2.53, -2.96, -3.25, -3.3, -3.3, -3.25, -2.97, -2.55, -2.02, -1.42]
正在输出正弦波...
[0.5, -0.32, -1.11, -1.83, -2.52, -3.0, -3.3, -3.3, -3.3, -3.07, -2.55, -1.96, -1.24, -0.37, 0.36, 1.08, 1.83, 2.53, 3.08, 3.26, 3.08, 2.57, 1.83, 1.14, 0.42, -0.44, -1.19, -1.9, -2.59, -3.05, -3.3, -3.3, -3.3, -3.02, -2.46, -1.86, -1.13, -0.28, 0.46, 1.17, 1.92, 2.61, 3.13, 3.27, 3.03, 2.49, 1.72, 1.06, 0.34, -0.54, -1.28, -1.99, -2.67, -3.09, -3.3, -3.3, -3.27, -2.98, -2.4, -1.78, -1.06, -0.18, 0.55, 1.25, 2.02, 2.65, 3.09, 3.27, 2.99, 2.41, 1.63, 0.9599999, 0.25, -0.63, -1.37, -2.06, -2.7, -3.14, -3.3, -3.3, -3.25, -2.92, -2.32, -1.69, -0.9599999, -0.08, 0.64, 1.35, 2.08, 2.78, 3.17, 3.27, 2.93, 2.33, 1.56, 0.87, 0.15, -0.72, -1.47, -2.15, -2.78, -3.16, -3.3, -3.3, -3.22, -2.86, -2.25, -1.61, -0.87, 0.02, 0.75, 1.43, 2.19, 2.81, 3.23, 3.22, 2.86, 2.22, 1.48, 0.8, 0.05, -0.83, -1.57, -2.24, -2.83, -3.2, -3.3, -3.3]
正在输出正弦波...
[0.5, -0.33, -1.11, -1.83, -2.52, -3.0, -3.3, -3.3, -3.3, -3.06, -2.54, -1.95, -1.24, -0.37, 0.37, 1.08, 1.83, 2.53, 3.09, 3.27, 3.08, 2.58, 1.81, 1.13, 0.42, -0.44, -1.18, -1.9, -2.58, -3.04, -3.3, -3.3, -3.3, -3.02, -2.46, -1.86, -1.13, -0.28, 0.46, 1.18, 1.93, 2.61, 3.13, 3.27, 3.04, 2.49, 1.73, 1.06, 0.34, -0.54, -1.28, -1.99, -2.66, -3.08, -3.3, -3.3, -3.28, -2.97, -2.4, -1.79, -1.06, -0.18, 0.55, 1.25, 2.03, 2.69, 3.18, 3.27, 2.99, 2.41, 1.63, 0.9599999, 0.25, -0.63, -1.38, -2.07, -2.71, -3.13, -3.3, -3.3, -3.26, -2.93, -2.33, -1.69, -0.9700001, -0.09, 0.65, 1.35, 2.09, 2.77, 3.17, 3.26, 2.95, 2.35, 1.55, 0.86, 0.15, -0.72, -1.47, -2.14, -2.78, -3.15, -3.3, -3.3, -3.23, -2.85, -2.25, -1.61, -0.87, 0.02, 0.75, 1.42, 2.19, 2.81, 3.23, 3.22, 2.86, 2.23, 1.48, 0.79, 0.05, -0.8, -1.57, -2.24, -2.83, -3.21, -3.3, -3.3]
正在输出方波...
[-3.3, -3.3, -3.3, -3.3, -3.3, -3.3, -3.3, -3.3, -3.3, -3.3, -3.3, -3.3, -3.3, -3.3, -3.3, -3.3, -3.3, -3.3, -3.3, -3.3, -3.3, -3.3, -3.3, -3.3, -3.3, -3.3, -3.3, -3.3, -3.3, -3.3, -3.3, -3.3, -3.3, -3.3, -3.3, -3.3, -3.3, -3.3, -3.3, 3.28, 3.28, 3.27, 3.27, 3.27, 3.27, 3.27, 3.28, 3.28, 3.26, 3.27, 3.27, 3.26, 3.27, 3.28, 3.25, 3.28, 3.28, 3.28, 3.28, 3.27, 3.27, 3.27, 3.26, 3.27, 3.25, 3.27, 3.28, 3.27, 3.26, 3.27, 3.27, 3.27, 3.27, 3.28, 3.28, 3.27, 3.28, 3.27, 3.28, 3.26, 3.28, 3.28, 3.28, 3.27, 3.28, 3.26, 3.28, 3.27, 3.26, -3.3, -3.3, -3.3, -3.3, -3.3, -3.3, -3.3, -3.3, -3.3, -3.3, -3.3, -3.3, -3.3, -3.3, -3.3, -3.3, -3.3, -3.3, -3.3, -3.3, -3.3, -3.3, -3.3, -3.3, -3.3, -3.3, -3.3, -3.3, -3.3, -3.3, -3.3, -3.3, -3.3, -3.3, -3.3, -3.3, -3.3, -3.3, -3.3]
正在输出方波...
[-3.3, -3.3, -3.3, -3.3, -3.3, -3.3, -3.3, -3.3, -3.3, -3.3, -3.3, -3.3, -3.3, -3.3, -3.3, -3.3, -3.3, -3.3, -3.3, -3.3, -3.3, -3.3, -3.3, -3.3, -3.3, -3.3, -3.3, -3.3, -3.3, 3.28, 3.26, 3.27, 3.27, 3.28, 3.27, 3.27, 3.26, 3.27, 3.28, 3.27, 3.25, 3.27, 3.26, 3.25, 3.28, 3.28, 3.28, 3.27, 3.28, 3.27, 3.27, 3.27, 3.27, 3.28, 3.28, 3.26, 3.27, 3.28, 3.27, 3.26, 3.28, 3.27, 3.27, 3.28, 3.29, 3.27, 3.27, 3.27, 3.27, -3.3, -3.3, -3.3, -3.3, -3.3, -3.3, -3.3, -3.3, -3.3, -3.3, -3.3, -3.3, -3.3, -3.3, -3.3, -3.3, -3.3, -3.3, -3.3, -3.3, -3.3, -3.3, -3.3, -3.3, -3.3, -3.3, -3.3, -3.3, -3.3, -3.3, -3.3, -3.3, -3.3, -3.3, -3.3, -3.3, -3.3, -3.3, -3.3, -3.3, 3.27, 3.27, 3.28, 3.28, 3.27, 3.27, 3.25, 3.27, 3.26, 3.28, 3.26, 3.27, 3.28, 3.27, 3.27, 3.28, 3.27, 3.27, 3.27]
正在输出方波...
[-3.3, -3.3, -3.3, -3.3, -3.3, -3.3, -3.3, -3.3, -3.3, -3.3, -3.3, -3.3, -3.3, -3.3, -3.3, -3.3, -3.3, -3.3, -3.3, -3.3, -3.3, 3.27, 3.27, 3.27, 3.28, 3.28, 3.27, 3.27, 3.26, 3.28, 3.27, 3.26, 3.27, 3.27, 3.27, 3.26, 3.26, 3.26, 3.27, 3.27, 3.27, 3.27, 3.28, 3.28, 3.28, 3.28, 3.27, 3.26, 3.28, 3.27, 3.27, 3.28, 3.26, -3.3, -3.3, -3.3, -3.3, -3.3, -3.3, -3.3, -3.3, -3.3, -3.3, -3.3, -3.3, -3.3, -3.3, -3.3, -3.3, -3.3, -3.3, -3.3, -3.3, -3.3, -3.3, -3.3, -3.3, -3.3, -3.3, -3.3, -3.3, -3.3, -3.3, -3.3, -3.3, 3.26, 3.27, 3.27, 3.27, 3.28, 3.27, 3.27, 3.27, 3.28, 3.27, 3.27, 3.28, 3.28, 3.27, 3.28, 3.27, 3.27, 3.28, 3.27, 3.28, 3.27, 3.27, 3.27, 3.27, 3.27, 3.27, 3.26, 3.27, 3.26, 3.27, 3.28, 3.28, -3.3, -3.3, -3.3, -3.3, -3.3, -3.3, -3.3, -3.3, -3.3, -3.3, -3.3]
正在输出方波...
[-3.3, -3.3, -3.3, -3.3, -3.3, -3.3, -3.3, -3.3, -3.3, -3.3, -3.3, -3.3, -3.3, -3.3, -3.3, -3.3, -3.3, 3.28, 3.27, 3.26, 3.27, 3.27, 3.27, 3.25, 3.26, 3.26, 3.26, 3.27, 3.26, 3.26, 3.27, 3.27, 3.26, 3.26, 3.27, 3.26, 3.28, 3.28, 3.28, 3.27, 3.27, 3.28, 3.27, 3.27, 3.28, -3.3, -3.3, -3.3, -3.3, -3.3, -3.3, -3.3, -3.3, -3.3, -3.3, -3.3, -3.3, -3.3, -3.3, -3.3, -3.3, -3.3, -3.3, -3.3, -3.3, -3.3, -3.3, -3.3, -3.3, -3.3, -3.3, -3.3, -3.3, 3.27, 3.26, 3.25, 3.27, 3.27, 3.27, 3.28, 3.27, 3.26, 3.26, 3.27, 3.26, 3.28, 3.28, 3.28, 3.27, 3.27, 3.28, 3.28, 3.26, 3.27, 3.27, 3.28, 3.26, 3.27, 3.28, 3.27, 3.27, -3.3, -3.3, -3.3, -3.3, -3.3, -3.3, -3.3, -3.3, -3.3, -3.3, -3.3, -3.3, -3.3, -3.3, -3.3, -3.3, -3.3, -3.3, -3.3, -3.3, -3.3, -3.3, -3.3, -3.3, -3.3, -3.3, -3.3]
正在输出方波...
[-3.3, -3.3, -3.3, -3.3, -3.3, -3.3, -3.3, -3.3, -3.3, -3.3, -3.3, -3.3, -3.3, 3.27, 3.25, 3.26, 3.26, 3.28, 3.28, 3.26, 3.26, 3.23, 3.27, 3.27, 3.3, 3.25, 3.26, 3.27, 3.26, 3.28, 3.26, 3.26, 3.25, 3.27, 3.27, 3.27, 3.26, -3.3, -3.3, -3.3, -3.3, -3.3, -3.3, -3.3, -3.3, -3.3, -3.3, -3.3, -3.3, -3.3, -3.3, -3.3, -3.3, -3.3, -3.3, -3.3, -3.3, -3.3, -3.3, -3.3, -3.3, 3.26, 3.28, 3.28, 3.3, 3.28, 3.27, 3.26, 3.22, 3.26, 3.28, 3.29, 3.27, 3.28, 3.26, 3.3, 3.27, 3.27, 3.27, 3.28, 3.26, 3.26, 3.27, 3.27, 3.28, -3.3, -3.3, -3.3, -3.3, -3.3, -3.3, -3.3, -3.3, -3.3, -3.3, -3.3, -3.3, -3.3, -3.3, -3.3, -3.3, -3.3, -3.3, -3.3, -3.3, -3.3, -3.3, -3.3, -3.3, 3.28, 3.26, 3.28, 3.26, 3.27, 3.27, 3.27, 3.25, 3.27, 3.26, 3.25, 3.27, 3.28, 3.28, 3.26, 3.25, 3.26, 3.26, 3.28]
正在输出方波...
[-3.3, -3.3, -3.3, -3.3, -3.3, -3.3, -3.3, -3.3, -3.3, -3.3, -3.3, 3.27, 3.28, 3.26, 3.28, 3.26, 3.27, 3.27, 3.27, 3.28, 3.28, 3.27, 3.27, 3.26, 3.27, 3.28, 3.28, 3.27, 3.26, 3.28, 3.26, 3.28, 3.26, -3.3, -3.3, -3.3, -3.3, -3.3, -3.3, -3.3, -3.3, -3.3, -3.3, -3.3, -3.3, -3.3, -3.3, -3.3, -3.3, -3.3, -3.3, -3.3, -3.3, -3.3, -3.3, 3.27, 3.28, 3.27, 3.26, 3.27, 3.27, 3.27, 3.27, 3.28, 3.28, 3.27, 3.27, 3.27, 3.28, 3.27, 3.28, 3.28, 3.27, 3.27, 3.27, 3.27, 3.27, -3.3, -3.3, -3.3, -3.3, -3.3, -3.3, -3.3, -3.3, -3.3, -3.3, -3.3, -3.3, -3.3, -3.3, -3.3, -3.3, -3.3, -3.3, -3.3, -3.3, -3.3, -3.3, 3.27, 3.28, 3.28, 3.27, 3.27, 3.27, 3.28, 3.27, 3.27, 3.26, 3.28, 3.26, 3.29, 3.27, 3.27, 3.28, 3.28, 3.26, 3.27, 3.26, 3.27, 3.28, -3.3, -3.3, -3.3, -3.3, -3.3, -3.3, -3.3]
正在输出方波...
[-3.3, -3.3, -3.3, -3.3, -3.3, -3.3, -3.3, -3.3, -3.3, 3.25, 3.28, 3.27, 3.28, 3.25, 3.27, 3.26, 3.27, 3.26, 3.28, 3.27, 3.26, 3.27, 3.28, 3.27, 3.28, 3.26, 3.28, 3.28, 3.26, -3.3, -3.3, -3.3, -3.3, -3.3, -3.3, -3.3, -3.3, -3.3, -3.3, -3.3, -3.3, -3.3, -3.3, -3.3, -3.3, -3.3, -3.3, -3.3, -3.3, 3.27, 3.28, 3.28, 3.28, 3.27, 3.28, 3.27, 3.26, 3.26, 3.26, 3.27, 3.27, 3.26, 3.27, 3.27, 3.27, 3.27, 3.27, 3.27, 3.27, -3.3, -3.3, -3.3, -3.3, -3.3, -3.3, -3.3, -3.3, -3.3, -3.3, -3.3, -3.3, -3.3, -3.3, -3.3, -3.3, -3.3, -3.3, -3.3, -3.3, 3.27, 3.26, 3.27, 3.27, 3.28, 3.28, 3.27, 3.27, 3.27, 3.28, 3.27, 3.26, 3.27, 3.27, 3.28, 3.28, 3.27, 3.28, 3.27, 3.28, -3.3, -3.3, -3.3, -3.3, -3.3, -3.3, -3.3, -3.3, -3.3, -3.3, -3.3, -3.3, -3.3, -3.3, -3.3, -3.3, -3.3, -3.3, -3.3]
正在输出方波...
[-3.3, -3.3, -3.3, -3.3, -3.3, -3.3, -3.3, 3.27, 3.28, 3.27, 3.27, 3.3, 3.27, 3.27, 3.28, 3.28, 3.26, 3.26, 3.28, 3.28, 3.26, 3.28, 3.28, 3.26, 3.26, -3.3, -3.3, -3.3, -3.3, -3.3, -3.3, -3.3, -3.3, -3.3, -3.3, -3.3, -3.3, -3.3, -3.3, -3.3, -3.3, -3.3, -3.3, 3.26, 3.27, 3.28, 3.27, 3.26, 3.26, 3.27, 3.28, 3.28, 3.27, 3.28, 3.27, 3.28, 3.29, 3.28, 3.26, 3.27, 3.26, -3.3, -3.3, -3.3, -3.3, -3.3, -3.3, -3.3, -3.3, -3.3, -3.3, -3.3, -3.3, -3.3, -3.3, -3.3, -3.3, -3.3, -3.3, 3.27, 3.25, 3.26, 3.28, 3.28, 3.28, 3.28, 3.27, 3.28, 3.29, 3.27, 3.26, 3.27, 3.28, 3.27, 3.26, 3.26, 3.27, -3.3, -3.3, -3.3, -3.3, -3.3, -3.3, -3.3, -3.3, -3.3, -3.3, -3.3, -3.3, -3.3, -3.3, -3.3, -3.3, -3.3, -3.3, 3.28, 3.26, 3.28, 3.27, 3.27, 3.27, 3.28, 3.27, 3.27, 3.27, 3.28, 3.27, 3.26]
正在输出方波...
[-3.3, -3.3, -3.3, -3.3, -3.3, 3.27, 3.26, 3.28, 3.27, 3.27, 3.26, 3.28, 3.26, 3.27, 3.27, 3.27, 3.28, 3.27, 3.27, 3.25, 3.28, -3.3, -3.3, -3.3, -3.3, -3.3, -3.3, -3.3, -3.3, -3.3, -3.3, -3.3, -3.3, -3.3, -3.3, -3.3, -3.3, 3.27, 3.28, 3.27, 3.26, 3.28, 3.28, 3.26, 3.26, 3.28, 3.26, 3.28, 3.27, 3.28, 3.28, 3.26, 3.28, -3.3, -3.3, -3.3, -3.3, -3.3, -3.3, -3.3, -3.3, -3.3, -3.3, -3.3, -3.3, -3.3, -3.3, -3.3, -3.3, 3.26, 3.26, 3.27, 3.26, 3.28, 3.27, 3.28, 3.27, 3.27, 3.27, 3.28, 3.27, 3.29, 3.27, 3.27, 3.27, -3.3, -3.3, -3.3, -3.3, -3.3, -3.3, -3.3, -3.3, -3.3, -3.3, -3.3, -3.3, -3.3, -3.3, -3.3, -3.3, 3.28, 3.27, 3.27, 3.26, 3.28, 3.28, 3.27, 3.27, 3.27, 3.27, 3.27, 3.27, 3.25, 3.28, 3.28, 3.27, -3.3, -3.3, -3.3, -3.3, -3.3, -3.3, -3.3, -3.3, -3.3, -3.3, -3.3]
正在输出方波...
[-3.3, -3.3, -3.3, 3.27, 3.27, 3.26, 3.28, 3.28, 3.28, 3.27, 3.28, 3.27, 3.27, 3.27, 3.27, 3.26, 3.26, -3.3, -3.3, -3.3, -3.3, -3.3, -3.3, -3.3, -3.3, -3.3, -3.3, -3.3, -3.3, -3.3, -3.3, 3.27, 3.27, 3.28, 3.27, 3.27, 3.27, 3.27, 3.27, 3.27, 3.28, 3.27, 3.26, 3.22, 3.28, -3.3, -3.3, -3.3, -3.3, -3.3, -3.3, -3.3, -3.3, -3.3, -3.3, -3.3, -3.3, -3.3, -3.3, 3.27, 3.26, 3.27, 3.28, 3.27, 3.28, 3.26, 3.28, 3.27, 3.27, 3.26, 3.27, 3.27, 3.26, -3.3, -3.3, -3.3, -3.3, -3.3, -3.3, -3.3, -3.3, -3.3, -3.3, -3.3, -3.3, -3.3, -3.3, 3.27, 3.28, 3.27, 3.28, 3.27, 3.26, 3.24, 3.27, 3.26, 3.26, 3.27, 3.28, 3.28, 3.28, -3.3, -3.3, -3.3, -3.3, -3.3, -3.3, -3.3, -3.3, -3.3, -3.3, -3.3, -3.3, -3.3, -3.3, 3.28, 3.25, 3.28, 3.27, 3.28, 3.27, 3.27, 3.28, 3.27, 3.26, 3.27, 3.28, 3.27]
正在输出方波...
[-3.3, -3.3, -3.3, 3.28, 3.27, 3.26, 3.27, 3.27, 3.28, 3.26, 3.26, 3.27, 3.25, 3.26, 3.28, 3.27, 3.27, -3.3, -3.3, -3.3, -3.3, -3.3, -3.3, -3.3, -3.3, -3.3, -3.3, -3.3, -3.3, -3.3, -3.3, 3.27, 3.27, 3.27, 3.27, 3.27, 3.27, 3.28, 3.27, 3.27, 3.27, 3.27, 3.27, 3.25, 3.27, -3.3, -3.3, -3.3, -3.3, -3.3, -3.3, -3.3, -3.3, -3.3, -3.3, -3.3, -3.3, -3.3, -3.3, 3.27, 3.27, 3.27, 3.27, 3.28, 3.26, 3.27, 3.26, 3.26, 3.26, 3.27, 3.27, 3.26, 3.28, -3.3, -3.3, -3.3, -3.3, -3.3, -3.3, -3.3, -3.3, -3.3, -3.3, -3.3, -3.3, -3.3, -3.3, 3.27, 3.27, 3.28, 3.26, 3.26, 3.25, 3.27, 3.26, 3.27, 3.27, 3.27, 3.27, 3.28, 3.27, -3.3, -3.3, -3.3, -3.3, -3.3, -3.3, -3.3, -3.3, -3.3, -3.3, -3.3, -3.3, -3.3, -3.3, 3.27, 3.26, 3.27, 3.26, 3.28, 3.27, 3.27, 3.27, 3.27, 3.26, 3.28, 3.27, 3.28]
正在输出方波...
[-3.3, 3.27, 3.27, 3.27, 3.27, 3.27, 3.27, 3.27, 3.27, 3.27, 3.28, 3.28, 3.27, -3.3, -3.3, -3.3, -3.3, -3.3, -3.3, -3.3, -3.3, -3.3, -3.3, -3.3, -3.3, 3.28, 3.25, 3.27, 3.27, 3.28, 3.27, 3.28, 3.27, 3.28, 3.27, 3.27, 3.27, -3.3, -3.3, -3.3, -3.3, -3.3, -3.3, -3.3, -3.3, -3.3, -3.3, -3.3, -3.3, 3.27, 3.27, 3.26, 3.28, 3.27, 3.28, 3.27, 3.26, 3.27, 3.27, 3.28, 3.27, -3.3, -3.3, -3.3, -3.3, -3.3, -3.3, -3.3, -3.3, -3.3, -3.3, -3.3, -3.3, 3.28, 3.27, 3.27, 3.22, 3.27, 3.28, 3.27, 3.27, 3.27, 3.28, 3.26, 3.26, -3.3, -3.3, -3.3, -3.3, -3.3, -3.3, -3.3, -3.3, -3.3, -3.3, -3.3, -3.3, 3.26, 3.27, 3.28, 3.26, 3.27, 3.28, 3.28, 3.28, 3.27, 3.26, 3.27, 3.27, -3.3, -3.3, -3.3, -3.3, -3.3, -3.3, -3.3, -3.3, -3.3, -3.3, -3.3, -3.3, 3.27, 3.27, 3.28, 3.27, 3.26, 3.26, 3.28]
正在输出方波...
[-3.3, 3.27, 3.27, 3.27, 3.27, 3.28, 3.28, 3.27, 3.26, 3.27, 3.28, 3.28, 3.26, -3.3, -3.3, -3.3, -3.3, -3.3, -3.3, -3.3, -3.3, -3.3, -3.3, -3.3, -3.3, 3.28, 3.27, 3.28, 3.27, 3.27, 3.25, 3.27, 3.28, 3.26, 3.28, 3.27, 3.28, -3.3, -3.3, -3.3, -3.3, -3.3, -3.3, -3.3, -3.3, -3.3, -3.3, -3.3, -3.3, 3.27, 3.28, 3.28, 3.28, 3.27, 3.27, 3.27, 3.26, 3.26, 3.27, 3.27, 3.26, -3.3, -3.3, -3.3, -3.3, -3.3, -3.3, -3.3, -3.3, -3.3, -3.3, -3.3, -3.3, 3.28, 3.28, 3.27, 3.26, 3.27, 3.26, 3.27, 3.27, 3.26, 3.28, 3.27, 3.27, -3.3, -3.3, -3.3, -3.3, -3.3, -3.3, -3.3, -3.3, -3.3, -3.3, -3.3, -3.3, 3.26, 3.28, 3.26, 3.28, 3.27, 3.26, 3.27, 3.27, 3.26, 3.28, 3.26, 3.27, -3.3, -3.3, -3.3, -3.3, -3.3, -3.3, -3.3, -3.3, -3.3, -3.3, -3.3, -3.3, 3.27, 3.27, 3.28, 3.25, 3.27, 3.25, 3.26]
正在输出三角波...
[1.37, 1.26, 1.14, 1.01, 0.9, 0.76, 0.65, 0.51, 0.4, 0.27, 0.15, 0.03, -0.09, -0.2, -0.35, -0.46, -0.59, -0.7, -0.83, -0.94, -1.06, -1.21, -1.33, -1.45, -1.57, -1.69, -1.82, -1.93, -2.07, -2.19, -2.3, -2.42, -2.55, -2.66, -2.78, -2.92, -3.04, -3.16, -3.27, -3.3, -3.3, -3.21, -3.08, -2.97, -2.86, -2.74, -2.61, -2.5, -2.35, -2.23, -2.12, -1.99, -1.88, -1.76, -1.63, -1.5, -1.38, -1.26, -1.14, -1.01, -0.9, -0.77, -0.63, -0.51, -0.38, -0.28, -0.15, -0.04, 0.08, 0.22, 0.34, 0.46, 0.59, 0.7, 0.82, 0.94, 1.1, 1.2, 1.32, 1.45, 1.58, 1.72, 1.86, 2.06, 2.24, 2.42, 2.59, 2.81, 3.03, -3.3, 3.04, 2.81, 2.64, 2.41, 2.23, 2.06, 1.86, 1.73, 1.58, 1.45, 1.33, 1.21, 1.09, 0.94, 0.81, 0.7, 0.58, 0.46, 0.34, 0.22, 0.08, -0.04, -0.16, -0.28, -0.39, -0.51, -0.63, -0.76, -0.89, -1.01, -1.13, -1.25, -1.37, -1.5, -1.64, -1.77, -1.88, -1.99]
正在输出三角波...
[1.06, 0.88, 0.77, 0.57, 0.47, 0.29, 0.17, -0.03, -0.16, -0.36, -0.45, -0.64, -0.75, -0.95, -1.06, -1.24, -1.38, -1.54, -1.67, -1.88, -2.0, -2.19, -2.31, -2.5, -2.61, -2.78, -2.93, -3.08, -3.19, -3.3, -3.3, -3.15, -3.04, -2.86, -2.74, -2.55, -2.4, -2.23, -2.1, -1.92, -1.82, -1.6, -1.49, -1.34, -1.21, -1.03, -0.89, -0.77, -0.59, -0.39, -0.28, -0.07, 0.03, 0.22, 0.34, 0.4, 0.65, 0.81, 0.95, 1.12, 1.25, 1.44, 1.57, 1.8, 1.96, 2.22, 2.4, 2.72, 2.96, -3.3, 3.02, 2.74, 2.47, 2.22, 2.06, 1.8, 1.66, 1.44, 1.33, 1.13, 1.0, 0.8, 0.7, 0.51, 0.39, 0.22, 0.08, -0.08, -0.21, -0.4, -0.51, -0.7, -0.83, -1.03, -1.14, -1.34, -1.45, -1.65, -1.77, -1.92, -2.07, -2.24, -2.35, -2.55, -2.67, -2.86, -2.97, -3.16, -3.28, -3.3, -3.27, -3.08, -2.97, -2.78, -2.66, -2.49, -2.35, -2.18, -2.08, -1.89, -1.77, -1.55, -1.45, -1.26, -1.14, -0.95, -0.81, -0.62]
正在输出三角波...
[0.65, 0.47, 0.26, 0.08, -0.09, -0.35, -0.51, -0.7, -0.9, -1.06, -1.26, -1.44, -1.63, -1.88, -2.07, -2.24, -2.41, -2.61, -2.78, -2.97, -3.15, -3.3, -3.27, -3.08, -2.93, -2.73, -2.54, -2.35, -2.18, -1.92, -1.77, -1.57, -1.38, -1.21, -1.02, -0.83, -0.63, -0.39, -0.21, -0.05, 0.15, 0.34, 0.51, 0.7, 0.88, 1.13, 1.33, 1.53, 1.73, 1.95, 2.23, 2.49, 2.83, -3.3, 2.95, 2.62, 2.29, 2.06, 1.81, 1.58, 1.36, 1.13, 0.95, 0.77, 0.57, 0.4, 0.22, 0.04, -0.16, -0.39, -0.59, -0.76, -0.94, -1.13, -1.33, -1.49, -1.69, -1.93, -2.11, -2.3, -2.5, -2.67, -2.86, -3.04, -3.21, -3.3, -3.21, -3.04, -2.85, -2.66, -2.5, -2.3, -2.12, -1.89, -1.69, -1.5, -1.33, -1.14, -0.94, -0.77, -0.58, -0.34, -0.15, 0.05, 0.23, 0.39, 0.58, 0.77, 0.95, 1.2, 1.38, 1.58, 1.8, 2.05, 2.32, 2.61, 2.95, 3.18, 2.81, 2.5, 2.22, 1.95, 1.71, 1.53, 1.33, 1.08, 0.9, 0.7]
正在输出三角波...
[0.34, 0.15, -0.09, -0.35, -0.5, -0.77, -0.95, -1.21, -1.38, -1.64, -1.88, -2.07, -2.3, -2.5, -2.73, -2.93, -3.16, -3.3, -3.27, -3.04, -2.85, -2.61, -2.42, -2.18, -1.92, -1.76, -1.49, -1.33, -1.06, -0.89, -0.64, -0.39, -0.21, 0.04, 0.23, 0.46, 0.66, 0.9, 1.14, 1.32, 1.65, 1.81, 2.12, 2.4, 2.86, -3.3, 2.96, 2.51, 2.25, 1.85, 1.68, 1.39, 1.16, 0.9700001, 0.67, 0.5, 0.4, 0.08, -0.12, -0.37, -0.58, -0.85, -1.02, -1.27, -1.44, -1.73, -1.93, -2.14, -2.35, -2.53, -2.78, -2.97, -3.17, -3.3, -3.2, -2.98, -2.77, -2.54, -2.36, -2.12, -1.94, -1.7, -1.45, -1.25, -1.0, -0.81, -0.59, -0.34, -0.15, 0.09, 0.28, 0.5, 0.7, 0.94, 1.2, 1.37, 1.66, 1.86, 2.22, 2.49, 2.94, 3.16, 2.81, 2.4, 2.13, 1.82, 1.58, 1.32, 1.08, 0.9, 0.65, 0.46, 0.22, 0.04, -0.22, -0.47, -0.63, -0.9, -1.07, -1.33, -1.5, -1.76, -1.99, -2.19, -2.42, -2.61, -2.86, -3.04]
正在输出三角波...
[-0.05, -0.34, -0.59, -0.83, -1.05, -1.33, -1.57, -1.88, -2.12, -2.35, -2.61, -2.85, -3.09, -3.3, -3.2, -2.97, -2.73, -2.5, -2.24, -1.93, -1.7, -1.45, -1.21, -0.93, -0.7, -0.39, -0.17, 0.08, 0.34, 0.58, 0.82, 1.13, 1.38, 1.67, 1.95, 2.3, 2.74, -3.3, 2.8, 2.41, 2.06, 1.73, 1.45, 1.13, 0.88, 0.65, 0.39, 0.16, -0.08, -0.39, -0.64, -0.9, -1.12, -1.39, -1.64, -1.93, -2.19, -2.42, -2.66, -2.93, -3.16, -3.3, -3.16, -2.93, -2.66, -2.41, -2.19, -1.88, -1.63, -1.38, -1.14, -0.89, -0.63, -0.34, -0.09, 0.15, 0.39, 0.66, 0.9, 1.21, 1.45, 1.72, 2.06, 2.4, 2.81, 3.17, 2.74, 2.3, 1.95, 1.67, 1.37, 1.08, 0.82, 0.58, 0.34, 0.08, -0.16, -0.46, -0.69, -0.94, -1.22, -1.45, -1.7, -2.0, -2.23, -2.49, -2.73, -2.96, -3.2, -3.3, -3.09, -2.85, -2.61, -2.35, -2.12, -1.82, -1.56, -1.33, -1.06, -0.83, -0.57, -0.27, -0.04, 0.23, 0.47, 0.69, 0.93, 1.24]
正在输出三角波...
[-0.34, -0.59, -0.89, -1.13, -1.44, -1.71, -2.0, -2.23, -2.55, -2.78, -3.09, -3.3, -3.2, -2.92, -2.66, -2.35, -2.12, -1.82, -1.57, -1.26, -1.03, -0.7, -0.39, -0.17, 0.15, 0.39, 0.7, 0.94, 1.24, 1.53, 1.86, 2.24, 2.73, -3.3, 2.82, 2.29, 1.96, 1.58, 1.33, 1.01, 0.75, 0.46, 0.22, -0.09, -0.39, -0.64, -0.94, -1.21, -1.49, -1.76, -2.08, -2.3, -2.62, -2.86, -3.15, -3.3, -3.16, -2.86, -2.61, -2.3, -2.07, -1.77, -1.5, -1.21, -0.95, -0.64, -0.34, -0.09, 0.21, 0.46, 0.77, 1.01, 1.32, 1.58, 1.96, 2.3, 2.81, 3.17, 2.71, 2.18, 1.87, 1.53, 1.25, 0.94, 0.7, 0.39, 0.15, -0.17, -0.46, -0.71, -1.01, -1.26, -1.57, -1.81, -2.11, -2.35, -2.66, -2.93, -3.2, -3.3, -3.09, -2.78, -2.55, -2.23, -2.0, -1.69, -1.45, -1.14, -0.9, -0.58, -0.28, -0.05, 0.27, 0.51, 0.81, 1.09, 1.38, 1.67, 2.05, 2.4, 2.94, 3.03, 2.61, 2.13, 1.81, 1.45, 1.2, 0.89]
正在输出三角波...
[-0.63, -0.95, -1.25, -1.57, -1.88, -2.19, -2.5, -2.78, -3.09, -3.3, -3.15, -2.85, -2.55, -2.24, -1.92, -1.64, -1.32, -1.02, -0.7, -0.39, -0.08, 0.22, 0.51, 0.8, 1.14, 1.45, 1.8, 2.23, 2.73, -3.3, 2.74, 2.22, 1.81, 1.45, 1.14, 0.81, 0.51, 0.22, -0.09, -0.39, -0.7, -1.01, -1.33, -1.64, -1.93, -2.23, -2.55, -2.86, -3.15, -3.3, -3.09, -2.78, -2.48, -2.18, -1.88, -1.56, -1.25, -0.95, -0.64, -0.34, -0.04, 0.26, 0.59, 0.9, 1.2, 1.53, 1.86, 2.3, 2.81, 3.17, 2.61, 2.13, 1.73, 1.38, 1.09, 0.77, 0.46, 0.14, -0.15, -0.46, -0.77, -1.07, -1.38, -1.7, -2.0, -2.3, -2.61, -2.93, -3.2, -3.3, -3.04, -2.73, -2.42, -2.12, -1.81, -1.5, -1.21, -0.88, -0.59, -0.27, 0.04, 0.34, 0.65, 0.99, 1.24, 1.58, 1.95, 2.41, 2.94, 3.04, 2.5, 2.06, 1.67, 1.32, 1.02, 0.7, 0.39, 0.08, -0.21, -0.51, -0.81, -1.14, -1.44, -1.77, -2.07, -2.34, -2.66, -2.97]
正在输出三角波...
[-1.02, -1.32, -1.71, -2.0, -2.35, -2.67, -3.04, -3.3, -3.15, -2.79, -2.5, -2.12, -1.83, -1.46, -1.16, -0.76, -0.39, -0.09, 0.27, 0.59, 0.94, 1.24, 1.67, 2.05, 2.61, -3.3, 2.74, 2.12, 1.72, 1.32, 1.01, 0.66, 0.34, -0.05, -0.39, -0.69, -1.06, -1.38, -1.77, -2.06, -2.42, -2.73, -3.09, -3.3, -3.11, -2.73, -2.42, -2.06, -1.76, -1.39, -1.06, -0.7, -0.34, -0.05, 0.34, 0.65, 1.01, 1.33, 1.73, 2.12, 2.73, 3.17, 2.61, 2.06, 1.67, 1.25, 0.9599999, 0.59, 0.28, -0.09, -0.47, -0.77, -1.14, -1.45, -1.81, -2.11, -2.5, -2.78, -3.16, -3.3, -3.04, -2.66, -2.37, -2.0, -1.7, -1.34, -1.02, -0.63, -0.28, 0.03, 0.39, 0.69, 1.09, 1.38, 1.81, 2.22, 2.81, 3.05, 2.49, 1.95, 1.58, 1.2, 0.91, 0.51, 0.23, -0.16, -0.51, -0.83, -1.21, -1.51, -1.88, -2.19, -2.54, -2.85, -3.2, -3.27, -2.97, -2.61, -2.3, -1.93, -1.64, -1.25, -0.94, -0.58, -0.2, 0.08, 0.47, 0.76]
正在输出三角波...
[-1.44, -1.88, -2.24, -2.61, -2.97, -3.3, -3.09, -2.73, -2.34, -1.93, -1.57, -1.21, -0.81, -0.39, -0.03, 0.34, 0.7, 1.15, 1.53, 1.96, 2.47, -3.3, 2.61, 2.05, 1.58, 1.14, 0.77, 0.39, 0.03, -0.39, -0.77, -1.13, -1.5, -1.92, -2.3, -2.65, -3.04, -3.3, -3.04, -2.66, -2.3, -1.88, -1.49, -1.14, -0.77, -0.34, 0.03, 0.41, 0.77, 1.2, 1.58, 2.07, 2.6, 3.17, 2.49, 1.99, 1.53, 0.95, 0.73, 0.32, -0.07, -0.47, -0.87, -1.2, -1.56, -1.96, -2.34, -2.74, -3.13, -3.3, -2.96, -2.6, -2.22, -1.81, -1.44, -1.06, -0.68, -0.28, 0.08, 0.49, 0.75, 1.21, 1.67, 2.01, 2.71, 3.02, 2.38, 1.89, 1.55, 0.99, 0.65, 0.21, 0.01, -0.5, -0.88, -1.25, -1.63, -2.07, -2.41, -2.78, -3.15, -3.27, -2.93, -2.55, -2.19, -1.77, -1.39, -1.02, -0.64, -0.21, 0.15, 0.49, 0.89, 1.33, 1.72, 2.22, 2.81, 2.95, 2.31, 1.73, 1.37, 0.94, 0.59, 0.22, -0.15, -0.59, -0.94, -1.33]
正在输出三角波...
[-2.07, -2.5, -2.93, -3.3, -3.05, -2.61, -2.18, -1.76, -1.33, -0.9, -0.39, 0.05, 0.46, 0.88, 1.33, 1.81, 2.41, -3.3, 2.49, 1.86, 1.35, 0.95, 0.51, 0.08, -0.39, -0.83, -1.25, -1.69, -2.11, -2.54, -2.97, -3.3, -2.96, -2.55, -2.12, -1.69, -1.26, -0.81, -0.35, 0.08, 0.51, 0.94, 1.38, 1.87, 2.5, 3.18, 2.42, 1.82, 1.33, 0.89, 0.51, 0.03, -0.46, -0.9, -1.32, -1.77, -2.19, -2.61, -3.05, -3.3, -2.92, -2.5, -2.06, -1.64, -1.21, -0.76, -0.3, 0.14, 0.58, 1.02, 1.43, 1.96, 2.61, 3.04, 2.31, 1.73, 1.25, 0.82, 0.39, -0.04, -0.51, -0.95, -1.37, -1.81, -2.24, -2.66, -3.09, -3.27, -2.86, -2.41, -1.98, -1.57, -1.13, -0.69, -0.21, 0.22, 0.65, 1.08, 1.52, 2.06, 2.74, 2.94, 2.22, 1.65, 1.21, 0.77, 0.34, -0.09, -0.58, -1.01, -1.45, -1.89, -2.3, -2.74, -3.15, -3.2, -2.78, -2.35, -1.93, -1.49, -1.07, -0.63, -0.17, 0.27, 0.7, 1.14, 1.58, 2.12]
正在输出三角波...
[-2.07, -2.5, -2.93, -3.3, -3.04, -2.61, -2.19, -1.76, -1.33, -0.9, -0.39, 0.04, 0.46, 0.9, 1.33, 1.81, 2.41, -3.3, 2.49, 1.87, 1.37, 0.94, 0.52, 0.08, -0.39, -0.83, -1.25, -1.7, -2.12, -2.54, -2.97, -3.3, -2.97, -2.55, -2.12, -1.7, -1.28, -0.83, -0.35, 0.09, 0.51, 0.94, 1.37, 1.86, 2.5, 3.18, 2.42, 1.81, 1.33, 0.9, 0.46, 0.03, -0.46, -0.88, -1.33, -1.76, -2.19, -2.61, -3.04, -3.3, -2.92, -2.5, -2.06, -1.63, -1.21, -0.77, -0.27, 0.15, 0.58, 1.02, 1.46, 1.96, 2.61, 3.04, 2.3, 1.71, 1.25, 0.82, 0.39, -0.04, -0.51, -0.95, -1.38, -1.82, -2.23, -2.66, -3.09, -3.27, -2.85, -2.42, -2.0, -1.56, -1.13, -0.69, -0.2, 0.23, 0.65, 1.08, 1.53, 2.05, 2.74, 2.95, 2.22, 1.67, 1.2, 0.76, 0.34, -0.1, -0.57, -1.02, -1.45, -1.88, -2.3, -2.74, -3.16, -3.2, -2.78, -2.35, -1.93, -1.49, -1.06, -0.63, -0.16, 0.27, 0.7, 1.14, 1.58, 2.13]
正在输出三角波...
[-2.85, -3.3, -2.97, -2.49, -1.93, -1.45, -0.95, -0.39, 0.08, 0.59, 1.13, 1.67, 2.3, -3.3, 2.41, 1.73, 1.13, 0.65, 0.15, -0.39, -0.9, -1.38, -1.93, -2.42, -2.92, -3.3, -2.92, -2.42, -1.88, -1.38, -0.9, -0.34, 0.14, 0.66, 1.21, 1.73, 2.4, 3.18, 2.31, 1.67, 1.08, 0.57, 0.09, -0.46, -0.94, -1.45, -1.99, -2.5, -2.98, -3.3, -2.85, -2.35, -1.82, -1.33, -0.83, -0.28, 0.23, 0.7, 1.26, 1.8, 2.49, 3.04, 2.23, 1.59, 1.01, 0.5, 0.07, -0.51, -1.02, -1.5, -2.07, -2.55, -3.04, -3.27, -2.78, -2.31, -1.77, -1.26, -0.77, -0.2, 0.27, 0.77, 1.33, 1.88, 2.6, 2.95, 2.12, 1.53, 0.94, 0.41, -0.05, -0.59, -1.06, -1.57, -2.12, -2.61, -3.08, -3.2, -2.73, -2.24, -1.69, -1.21, -0.69, -0.15, 0.34, 0.82, 1.38, 1.96, 2.74, 2.81, 2.06, 1.46, 0.9, 0.39, -0.09, -0.64, -1.13, -1.63, -2.18, -2.66, -3.16, -3.15, -2.66, -2.19, -1.64, -1.13, -0.63, -0.08]
正在输出三角波...
[-2.86, -3.3, -2.96, -2.5, -1.93, -1.44, -0.94, -0.39, 0.08, 0.58, 1.14, 1.67, 2.3, -3.3, 2.41, 1.73, 1.13, 0.65, 0.15, -0.4, -0.89, -1.37, -1.93, -2.41, -2.92, -3.3, -2.93, -2.42, -1.88, -1.38, -0.89, -0.34, 0.15, 0.65, 1.21, 1.73, 2.4, 3.18, 2.31, 1.67, 1.08, 0.59, 0.08, -0.47, -0.94, -1.45, -1.99, -2.5, -2.96, -3.3, -2.85, -2.35, -1.81, -1.32, -0.81, -0.28, 0.23, 0.7, 1.25, 1.8, 2.48, 3.04, 2.24, 1.58, 1.01, 0.51, 0.04, -0.51, -1.01, -1.49, -2.07, -2.55, -3.04, -3.27, -2.79, -2.31, -1.77, -1.26, -0.78, -0.22, 0.27, 0.77, 1.32, 1.87, 2.61, 2.95, 2.14, 1.53, 0.94, 0.47, -0.04, -0.58, -1.06, -1.57, -2.12, -2.61, -3.08, -3.2, -2.74, -2.24, -1.69, -1.21, -0.69, -0.16, 0.34, 0.82, 1.38, 1.95, 2.73, 2.81, 2.06, 1.46, 0.89, 0.4, -0.08, -0.64, -1.13, -1.63, -2.19, -2.66, -3.15, -3.16, -2.66, -2.19, -1.63, -1.14, -0.64, -0.08]
正在输出锯齿波...
[-2.78, -2.74, -2.66, -2.61, -2.55, -2.5, -2.41, -2.35, -2.3, -2.24, -2.19, -2.12, -2.07, -2.0, -1.93, -1.88, -1.82, -1.77, -1.69, -1.64, -1.57, -1.5, -1.45, -1.38, -1.32, -1.24, -1.21, -1.12, -1.06, -1.01, -0.94, -0.91, -0.84, -0.77, -0.7, -0.62, -0.58, -0.51, -0.46, -0.39, -0.35, -0.28, -0.2, -0.15, -0.1, -0.03, 0.03, 0.08, 0.15, 0.23, 0.28, 0.34, 0.39, 0.46, 0.51, 0.58, 0.65, 0.69, 0.77, 0.81, 0.9, 0.94, 1.01, 1.09, 1.12, 1.21, 1.26, 1.32, 1.37, 1.45, 1.54, 1.58, 1.67, 1.72, 1.81, 1.87, 1.96, 2.06, 2.12, 2.22, 2.3, 2.4, 2.49, 2.61, 2.73, 2.82, 2.95, 3.04, 3.17, -3.3, -3.3, -3.3, -3.25, -3.18, -3.14, -3.06, -2.99, -2.95, -2.88, -2.81, -2.76, -2.72, -2.64, -2.58, -2.52, -2.44, -2.4, -2.34, -2.28, -2.21, -2.14, -2.09, -2.03, -1.98, -1.93, -1.85, -1.8, -1.72, -1.67, -1.59, -1.55, -1.48, -1.43, -1.36, -1.28, -1.23, -1.16, -1.11]
正在输出锯齿波...
[-2.64, -2.55, -2.5, -2.4, -2.32, -2.24, -2.19, -2.09, -2.02, -1.93, -1.88, -1.78, -1.72, -1.63, -1.57, -1.48, -1.43, -1.33, -1.26, -1.16, -1.12, -1.03, -0.95, -0.85, -0.79, -0.7, -0.63, -0.55, -0.49, -0.39, -0.34, -0.25, -0.18, -0.08, -0.04, 0.05, 0.13, 0.22, 0.28, 0.37, 0.44, 0.51, 0.59, 0.67, 0.71, 0.82, 0.9, 0.99, 1.04, 1.14, 1.2, 1.3, 1.34, 1.44, 1.53, 1.62, 1.7, 1.81, 1.86, 1.98, 2.09, 2.21, 2.3, 2.43, 2.58, 2.74, 2.81, 3.0, 3.13, -3.3, -3.3, -3.27, -3.2, -3.14, -3.07, -2.97, -2.93, -2.82, -2.76, -2.66, -2.61, -2.52, -2.44, -2.34, -2.31, -2.21, -2.14, -2.07, -2.0, -1.91, -1.87, -1.77, -1.7, -1.59, -1.54, -1.45, -1.37, -1.27, -1.23, -1.13, -1.07, -1.0, -0.93, -0.83, -0.77, -0.68, -0.61, -0.51, -0.46, -0.37, -0.3, -0.21, -0.16, -0.07, 0.02, 0.08, 0.14, 0.26, 0.29, 0.39, 0.47, 0.56, 0.6, 0.69, 0.75, 0.87, 0.91, 1.01]
正在输出锯齿波...
[-2.41, -2.33, -2.23, -2.14, -2.06, -1.93, -1.86, -1.77, -1.67, -1.57, -1.48, -1.37, -1.28, -1.17, -1.06, -0.99, -0.89, -0.79, -0.7, -0.61, -0.51, -0.4, -0.29, -0.21, -0.13, -0.03, 0.06, 0.16, 0.25, 0.36, 0.46, 0.55, 0.65, 0.72, 0.83, 0.9, 1.01, 1.13, 1.23, 1.33, 1.43, 1.53, 1.61, 1.73, 1.83, 1.99, 2.12, 2.26, 2.5, 2.58, 2.73, 2.86, 3.04, -3.3, -3.3, -3.25, -3.16, -3.06, -2.96, -2.87, -2.79, -2.66, -2.57, -2.5, -2.4, -2.29, -2.21, -2.13, -2.02, -1.91, -1.82, -1.72, -1.63, -1.54, -1.44, -1.36, -1.26, -1.13, -1.04, -0.95, -0.85, -0.77, -0.67, -0.59, -0.49, -0.38, -0.28, -0.18, -0.09, 0.02, 0.08, 0.17, 0.27, 0.39, 0.49, 0.58, 0.67, 0.77, 0.86, 0.95, 1.03, 1.16, 1.25, 1.35, 1.46, 1.55, 1.66, 1.78, 1.87, 2.05, 2.15, 2.3, 2.44, 2.61, 2.76, 2.94, 3.13, -3.3, -3.3, -3.2, -3.14, -3.04, -2.94, -2.86, -2.76, -2.64, -2.55, -2.45]
正在输出锯齿波...
[-2.29, -2.19, -2.06, -1.93, -1.86, -1.73, -1.63, -1.5, -1.43, -1.28, -1.16, -1.07, -0.95, -0.85, -0.72, -0.63, -0.51, -0.39, -0.29, -0.18, -0.09, 0.03, 0.13, 0.26, 0.35, 0.46, 0.58, 0.67, 0.79, 0.89, 1.02, 1.14, 1.23, 1.34, 1.45, 1.59, 1.71, 1.83, 1.99, 2.11, 2.3, 2.44, 2.64, 2.81, 2.95, -3.3, -3.3, -3.2, -3.13, -3.01, -2.93, -2.78, -2.66, -2.56, -2.45, -2.36, -2.22, -2.14, -2.03, -1.91, -1.82, -1.69, -1.59, -1.47, -1.38, -1.26, -1.14, -1.03, -0.92, -0.83, -0.71, -0.61, -0.49, -0.37, -0.27, -0.16, -0.05, 0.06, 0.16, 0.27, 0.39, 0.49, 0.59, 0.7, 0.81, 0.92, 1.04, 1.15, 1.26, 1.38, 1.47, 1.6, 1.73, 1.86, 2.06, 2.15, 2.38, 2.5, 2.73, 2.87, 3.12, -3.3, -3.3, -3.18, -3.08, -2.96, -2.88, -2.76, -2.64, -2.55, -2.41, -2.34, -2.2, -2.11, -2.0, -1.89, -1.79, -1.68, -1.56, -1.45, -1.35, -1.23, -1.11, -1.02, -0.89, -0.79, -0.68, -0.59]
正在输出锯齿波...
[-2.09, -1.93, -1.82, -1.7, -1.57, -1.45, -1.33, -1.17, -1.05, -0.92, -0.8, -0.67, -0.56, -0.39, -0.28, -0.16, -0.04, 0.08, 0.22, 0.37, 0.49, 0.6, 0.72, 0.87, 0.98, 1.13, 1.26, 1.38, 1.53, 1.67, 1.81, 1.99, 2.15, 2.37, 2.58, 2.77, 2.99, -3.3, -3.29, -3.18, -3.06, -2.95, -2.83, -2.66, -2.55, -2.42, -2.31, -2.19, -2.07, -1.91, -1.79, -1.67, -1.55, -1.43, -1.28, -1.13, -1.02, -0.9, -0.76, -0.62, -0.5, -0.38, -0.25, -0.13, 0.0, 0.12, 0.24, 0.4, 0.5, 0.66, 0.77, 0.9, 1.01, 1.16, 1.31, 1.43, 1.55, 1.69, 1.84, 2.05, 2.22, 2.41, 2.61, 2.81, 3.03, -3.3, -3.27, -3.16, -3.05, -2.92, -2.79, -2.63, -2.52, -2.39, -2.28, -2.14, -2.02, -1.88, -1.77, -1.65, -1.5, -1.37, -1.26, -1.11, -0.99, -0.85, -0.73, -0.6, -0.49, -0.35, -0.2, -0.08, 0.03, 0.16, 0.28, 0.43, 0.55, 0.66, 0.79, 0.92, 1.03, 1.2, 1.34, 1.46, 1.58, 1.73, 1.87, 2.09]
正在输出锯齿波...
[-1.92, -1.82, -1.67, -1.54, -1.38, -1.26, -1.11, -0.99, -0.83, -0.7, -0.56, -0.39, -0.28, -0.13, 0.02, 0.17, 0.27, 0.44, 0.56, 0.7, 0.82, 0.99, 1.13, 1.24, 1.42, 1.55, 1.72, 1.88, 2.09, 2.26, 2.49, 2.74, 2.97, -3.3, -3.3, -3.15, -3.04, -2.88, -2.76, -2.61, -2.5, -2.32, -2.21, -2.06, -1.91, -1.79, -1.62, -1.5, -1.36, -1.23, -1.06, -0.94, -0.8, -0.67, -0.51, -0.38, -0.25, -0.09, 0.04, 0.17, 0.29, 0.46, 0.58, 0.72, 0.88, 1.01, 1.15, 1.3, 1.45, 1.58, 1.78, 1.91, 2.13, 2.3, 2.58, 2.76, 3.04, -3.3, -3.27, -3.13, -2.99, -2.85, -2.73, -2.58, -2.44, -2.3, -2.19, -2.03, -1.88, -1.77, -1.59, -1.47, -1.33, -1.21, -1.04, -0.92, -0.77, -0.63, -0.49, -0.34, -0.21, -0.07, 0.06, 0.23, 0.34, 0.49, 0.61, 0.77, 0.89, 1.04, 1.21, 1.33, 1.48, 1.61, 1.81, 1.96, 2.16, 2.37, 2.6, 2.82, 3.13, -3.3, -3.25, -3.09, -2.97, -2.84, -2.71, -2.55]
正在输出锯齿波...
[-1.78, -1.64, -1.5, -1.33, -1.16, -1.0, -0.84, -0.69, -0.56, -0.39, -0.25, -0.09, 0.07, 0.22, 0.36, 0.51, 0.67, 0.81, 1.0, 1.13, 1.3, 1.46, 1.6, 1.81, 2.0, 2.23, 2.44, 2.72, 2.98, -3.3, -3.27, -3.13, -2.96, -2.83, -2.66, -2.52, -2.35, -2.22, -2.08, -1.91, -1.77, -1.59, -1.45, -1.28, -1.14, -1.0, -0.81, -0.68, -0.52, -0.37, -0.2, -0.07, 0.08, 0.24, 0.39, 0.56, 0.71, 0.88, 1.01, 1.16, 1.32, 1.47, 1.68, 1.84, 2.07, 2.26, 2.48, 2.78, 3.05, -3.3, -3.25, -3.08, -2.95, -2.78, -2.62, -2.49, -2.33, -2.19, -2.02, -1.88, -1.72, -1.56, -1.43, -1.25, -1.11, -0.95, -0.79, -0.62, -0.48, -0.34, -0.19, -0.05, 0.13, 0.28, 0.44, 0.58, 0.72, 0.89, 1.04, 1.19, 1.35, 1.54, 1.68, 1.88, 2.09, 2.3, 2.57, 2.82, 3.14, -3.3, -3.2, -3.07, -2.93, -2.76, -2.61, -2.44, -2.3, -2.14, -2.0, -1.86, -1.68, -1.54, -1.38, -1.23, -1.04, -0.91, -0.75, -0.6]
正在输出锯齿波...
[-1.59, -1.45, -1.27, -1.11, -0.93, -0.76, -0.58, -0.38, -0.26, -0.06, 0.09, 0.25, 0.44, 0.6, 0.77, 0.94, 1.14, 1.31, 1.47, 1.67, 1.86, 2.09, 2.37, 2.61, 2.94, -3.3, -3.27, -3.09, -2.96, -2.76, -2.6, -2.42, -2.28, -2.09, -1.9, -1.77, -1.57, -1.42, -1.24, -1.06, -0.89, -0.73, -0.56, -0.37, -0.21, -0.04, 0.12, 0.29, 0.46, 0.65, 0.79, 0.99, 1.15, 1.32, 1.53, 1.68, 1.93, 2.12, 2.41, 2.65, 2.99, -3.3, -3.25, -3.06, -2.92, -2.73, -2.57, -2.4, -2.23, -2.07, -1.88, -1.72, -1.54, -1.38, -1.21, -1.04, -0.84, -0.69, -0.51, -0.34, -0.2, 0.02, 0.15, 0.34, 0.48, 0.68, 0.81, 1.02, 1.21, 1.35, 1.55, 1.73, 1.96, 2.16, 2.44, 2.73, 3.05, -3.3, -3.2, -3.05, -2.88, -2.71, -2.55, -2.35, -2.21, -2.01, -1.86, -1.69, -1.5, -1.35, -1.16, -1.02, -0.83, -0.68, -0.49, -0.29, -0.15, 0.03, 0.18, 0.36, 0.51, 0.69, 0.87, 1.03, 1.23, 1.38, 1.58, 1.78]
正在输出锯齿波...
[-1.38, -1.17, -1.0, -0.79, -0.6, -0.39, -0.21, -0.04, 0.16, 0.36, 0.55, 0.73, 0.91, 1.13, 1.33, 1.53, 1.72, 1.99, 2.27, 2.57, 2.87, -3.3, -3.25, -3.07, -2.87, -2.66, -2.5, -2.3, -2.12, -1.91, -1.72, -1.55, -1.36, -1.14, -0.95, -0.77, -0.59, -0.36, -0.18, 0.01, 0.17, 0.39, 0.57, 0.76, 0.95, 1.16, 1.35, 1.56, 1.76, 2.05, 2.3, 2.6, 2.97, -3.3, -3.2, -3.04, -2.84, -2.64, -2.45, -2.29, -2.1, -1.89, -1.7, -1.48, -1.38, -1.1, -0.93, -0.83, -0.67, -0.33, -0.19, 0.04, 0.19, 0.44, 0.62, 0.8, 1.04, 1.21, 1.39, 1.56, 1.71, 2.12, 2.37, 2.65, 3.0, -3.3, -3.17, -2.99, -2.81, -2.61, -2.43, -2.24, -2.07, -1.87, -1.62, -1.47, -1.29, -1.07, -0.81, -0.7, -0.51, -0.31, -0.15, 0.09, 0.24, 0.46, 0.65, 0.81, 1.01, 1.23, 1.42, 1.6, 1.84, 2.12, 2.41, 2.71, 3.04, -3.3, -3.16, -2.97, -2.78, -2.57, -2.39, -2.21, -2.02, -1.82, -1.65, -1.45]
正在输出锯齿波...
[-1.06, -0.85, -0.63, -0.4, -0.19, 0.03, 0.25, 0.46, 0.67, 0.9, 1.13, 1.34, 1.57, 1.83, 2.14, 2.44, 2.81, -3.3, -3.2, -3.0, -2.79, -2.57, -2.35, -2.14, -1.92, -1.69, -1.48, -1.26, -1.04, -0.83, -0.61, -0.37, -0.15, 0.07, 0.26, 0.49, 0.7, 0.92, 1.16, 1.38, 1.6, 1.87, 2.16, 2.49, 2.85, -3.3, -3.17, -2.97, -2.76, -2.55, -2.33, -2.13, -1.89, -1.66, -1.46, -1.25, -1.01, -0.8, -0.58, -0.34, -0.14, 0.09, 0.29, 0.51, 0.72, 0.94, 1.2, 1.42, 1.67, 1.93, 2.23, 2.57, 2.94, -3.3, -3.16, -2.95, -2.74, -2.52, -2.3, -2.09, -1.87, -1.63, -1.43, -1.21, -0.99, -0.76, -0.56, -0.31, -0.09, 0.14, 0.34, 0.55, 0.76, 0.99, 1.23, 1.44, 1.68, 1.96, 2.26, 2.61, 3.0, -3.3, -3.14, -2.92, -2.71, -2.5, -2.28, -2.07, -1.81, -1.58, -1.38, -1.17, -0.94, -0.72, -0.5, -0.28, -0.07, 0.15, 0.36, 0.58, 0.78, 1.01, 1.24, 1.48, 1.72, 1.98, 2.3, 2.65]
正在输出锯齿波...
[-1.06, -0.85, -0.63, -0.39, -0.18, 0.03, 0.26, 0.47, 0.68, 0.9, 1.13, 1.36, 1.57, 1.83, 2.12, 2.45, 2.81, -3.3, -3.21, -2.99, -2.79, -2.57, -2.35, -2.14, -1.91, -1.69, -1.47, -1.26, -1.04, -0.83, -0.6, -0.37, -0.15, 0.05, 0.28, 0.49, 0.7, 0.92, 1.15, 1.38, 1.6, 1.88, 2.15, 2.49, 2.86, -3.3, -3.18, -2.97, -2.76, -2.55, -2.33, -2.12, -1.89, -1.66, -1.45, -1.24, -1.02, -0.78, -0.58, -0.34, -0.14, 0.08, 0.3, 0.51, 0.72, 0.94, 1.21, 1.43, 1.65, 1.92, 2.23, 2.57, 2.95, -3.3, -3.15, -2.94, -2.74, -2.52, -2.29, -2.09, -1.86, -1.65, -1.43, -1.21, -0.99, -0.76, -0.56, -0.3, -0.08, 0.12, 0.35, 0.56, 0.77, 0.99, 1.22, 1.46, 1.69, 1.97, 2.27, 2.61, 3.0, -3.3, -3.14, -2.92, -2.71, -2.5, -2.28, -2.08, -1.81, -1.59, -1.38, -1.16, -0.94, -0.72, -0.52, -0.28, -0.07, 0.17, 0.38, 0.58, 0.79, 1.01, 1.25, 1.47, 1.72, 1.99, 2.3, 2.66]
正在输出锯齿波...
[-0.67, -0.38, -0.16, 0.08, 0.37, 0.61, 0.88, 1.14, 1.37, 1.67, 1.99, 2.38, 2.77, -3.3, -3.18, -2.96, -2.66, -2.43, -2.19, -1.91, -1.67, -1.42, -1.14, -0.9, -0.64, -0.38, -0.13, 0.13, 0.41, 0.65, 0.9, 1.15, 1.43, 1.7, 2.06, 2.41, 2.82, -3.3, -3.15, -2.92, -2.63, -2.4, -2.14, -1.88, -1.65, -1.38, -1.11, -0.85, -0.59, -0.35, -0.09, 0.14, 0.44, 0.67, 0.91, 1.21, 1.45, 1.73, 2.09, 2.45, 2.86, -3.3, -3.13, -2.88, -2.62, -2.35, -2.11, -1.86, -1.58, -1.36, -1.06, -0.81, -0.59, -0.3, -0.07, 0.17, 0.47, 0.7, 0.94, 1.23, 1.47, 1.83, 2.13, 2.49, 2.94, -3.3, -3.09, -2.86, -2.57, -2.33, -2.09, -1.81, -1.56, -1.32, -1.04, -0.79, -0.56, -0.28, -0.04, 0.22, 0.48, 0.72, 1.01, 1.26, 1.52, 1.81, 2.14, 2.58, 2.98, -3.3, -3.05, -2.83, -2.55, -2.3, -2.02, -1.79, -1.57, -1.29, -1.03, -0.77, -0.5, -0.26, -0.0, 0.23, 0.51, 0.77, 1.02, 1.32]
正在输出锯齿波...
[-0.68, -0.39, -0.16, 0.08, 0.39, 0.6, 0.86, 1.14, 1.37, 1.67, 1.99, 2.36, 2.78, -3.3, -3.17, -2.95, -2.66, -2.42, -2.19, -1.91, -1.67, -1.43, -1.14, -0.9, -0.64, -0.38, -0.14, 0.13, 0.38, 0.65, 0.89, 1.15, 1.42, 1.7, 2.05, 2.41, 2.81, -3.3, -3.17, -2.93, -2.64, -2.4, -2.14, -1.88, -1.64, -1.38, -1.11, -0.85, -0.62, -0.35, -0.08, 0.15, 0.44, 0.68, 0.91, 1.19, 1.44, 1.71, 2.09, 2.44, 2.86, -3.3, -3.13, -2.88, -2.62, -2.35, -2.12, -1.87, -1.6, -1.35, -1.06, -0.83, -0.58, -0.3, -0.07, 0.18, 0.46, 0.7, 0.93, 1.23, 1.46, 1.78, 2.12, 2.47, 2.93, -3.3, -3.08, -2.85, -2.56, -2.33, -2.09, -1.81, -1.57, -1.33, -1.04, -0.8, -0.57, -0.28, -0.04, 0.22, 0.47, 0.72, 0.99, 1.25, 1.52, 1.81, 2.15, 2.56, 2.98, -3.3, -3.06, -2.83, -2.55, -2.3, -2.08, -1.79, -1.55, -1.29, -1.03, -0.77, -0.51, -0.25, 0.02, 0.26, 0.5, 0.76, 1.01, 1.29]
正在输出正弦波...
[1.77, 1.92, 2.09, 2.26, 2.53, 2.7, 2.81, 2.93, 3.12, 3.17, 3.28, 3.27, 3.28, 3.26, 3.2, 3.08, 2.99, 2.85, 2.73, 2.5, 2.33, 2.16, 1.89, 1.73, 1.55, 1.37, 1.13, 0.9599999, 0.79, 0.6, 0.34, 0.15, -0.04, -0.32, -0.53, -0.72, -0.92, -1.18, -1.38, -1.56, -1.75, -2.0, -2.14, -2.3, -2.52, -2.66, -2.78, -2.91, -3.04, -3.12, -3.21, -3.27, -3.3, -3.3, -3.3, -3.3, -3.3, -3.3, -3.3, -3.3, -3.25, -3.18, -3.1, -2.97, -2.86, -2.74, -2.54, -2.4, -2.26, -2.12, -1.87, -1.69, -1.52, -1.34, -1.06, -0.88, -0.67, -0.36, -0.2, 0.01, 0.2, 0.46, 0.65, 0.84, 1.01, 1.25, 1.42, 1.58, 1.84, 2.03, 2.19, 2.37, 2.61, 2.76, 2.9, 2.98, 3.17, 3.23, 3.28, 3.27, 3.27, 3.22, 3.17, 3.04, 2.93, 2.77, 2.66, 2.4, 2.22, 2.05, 1.8, 1.63, 1.47, 1.3, 1.06, 0.87, 0.7, 0.51, 0.25, 0.06, -0.13, -0.44, -0.63, -0.83, -1.01, -1.28, -1.47, -1.63]
正在输出正弦波...
[2.19, 2.45, 2.68, 2.8, 2.98, 3.16, 3.26, 3.26, 3.27, 3.22, 3.12, 2.99, 2.85, 2.64, 2.4, 2.16, 1.89, 1.73, 1.47, 1.22, 0.9599999, 0.78, 0.5, 0.25, -0.05, -0.33, -0.52, -0.83, -1.11, -1.39, -1.58, -1.84, -2.07, -2.3, -2.52, -2.66, -2.83, -2.99, -3.13, -3.2, -3.3, -3.3, -3.3, -3.3, -3.3, -3.3, -3.3, -3.25, -3.18, -3.06, -2.92, -2.74, -2.55, -2.39, -2.19, -1.95, -1.7, -1.52, -1.24, -0.9700001, -0.67, -0.38, -0.19, 0.1, 0.35, 0.66, 0.85, 1.08, 1.34, 1.58, 1.83, 2.03, 2.26, 2.52, 2.77, 2.89, 3.07, 3.17, 3.27, 3.25, 3.27, 3.21, 3.07, 2.96, 2.77, 2.58, 2.33, 2.06, 1.8, 1.63, 1.38, 1.14, 0.87, 0.69, 0.41, 0.14, -0.13, -0.44, -0.64, -0.92, -1.18, -1.48, -1.63, -1.92, -2.14, -2.37, -2.6, -2.71, -2.9, -3.04, -3.16, -3.25, -3.3, -3.3, -3.3, -3.3, -3.3, -3.3, -3.3, -3.22, -3.16, -3.02, -2.86, -2.69, -2.46, -2.32, -2.12, -1.86]
正在输出正弦波...
[2.68, 2.94, 3.13, 3.22, 3.26, 3.28, 3.21, 3.02, 2.87, 2.65, 2.34, 2.05, 1.8, 1.48, 1.22, 0.95, 0.6, 0.34, 0.06, -0.32, -0.64, -0.92, -1.28, -1.56, -1.84, -2.14, -2.38, -2.59, -2.82, -3.0, -3.13, -3.27, -3.3, -3.3, -3.3, -3.3, -3.3, -3.27, -3.18, -3.07, -2.86, -2.7, -2.46, -2.18, -1.95, -1.7, -1.32, -1.06, -0.77, -0.37, -0.08, 0.2, 0.55, 0.84, 1.09, 1.43, 1.66, 1.93, 2.26, 2.54, 2.77, 2.99, 3.17, 3.27, 3.27, 3.27, 3.17, 2.99, 2.76, 2.57, 2.22, 1.99, 1.73, 1.38, 1.13, 0.87, 0.51, 0.24, -0.05, -0.44, -0.73, -1.01, -1.38, -1.63, -1.91, -2.23, -2.44, -2.66, -2.9, -3.04, -3.16, -3.3, -3.3, -3.3, -3.3, -3.3, -3.3, -3.25, -3.16, -3.02, -2.81, -2.61, -2.4, -2.13, -1.86, -1.62, -1.22, -0.9700001, -0.67, -0.28, 0.01, 0.29, 0.65, 0.91, 1.18, 1.5, 1.75, 2.02, 2.38, 2.61, 2.81, 3.08, 3.17, 3.27, 3.26, 3.23, 3.12, 2.95]
正在输出正弦波...
[3.08, 3.22, 3.27, 3.27, 3.17, 2.99, 2.72, 2.41, 2.06, 1.81, 1.47, 1.14, 0.79, 0.41, 0.06, -0.32, -0.64, -1.02, -1.37, -1.74, -2.07, -2.37, -2.59, -2.83, -3.04, -3.2, -3.3, -3.3, -3.3, -3.3, -3.3, -3.25, -3.12, -2.92, -2.7, -2.46, -2.19, -1.87, -1.53, -1.13, -0.78, -0.37, -0.09, 0.29, 0.65, 1.01, 1.34, 1.67, 1.92, 2.25, 2.61, 2.89, 3.13, 3.27, 3.27, 3.26, 3.13, 2.95, 2.65, 2.33, 1.99, 1.69, 1.37, 1.06, 0.69, 0.36, -0.05, -0.44, -0.72, -1.11, -1.47, -1.85, -2.14, -2.43, -2.66, -2.9, -3.09, -3.25, -3.3, -3.3, -3.3, -3.3, -3.3, -3.23, -3.06, -2.85, -2.6, -2.4, -2.11, -1.79, -1.42, -1.05, -0.68, -0.28, 0.01, 0.36, 0.75, 1.08, 1.42, 1.75, 2.02, 2.38, 2.68, 2.93, 3.17, 3.26, 3.26, 3.21, 3.07, 2.86, 2.58, 2.24, 1.89, 1.63, 1.31, 0.9599999, 0.6, 0.23, -0.13, -0.54, -0.81, -1.19, -1.56, -1.91, -2.23, -2.52, -2.71, -2.95]
正在输出正弦波...
[3.28, 3.27, 3.09, 2.84, 2.5, 2.15, 1.72, 1.37, 0.9599999, 0.6, 0.15, -0.33, -0.72, -1.18, -1.57, -1.99, -2.3, -2.66, -2.91, -3.13, -3.27, -3.3, -3.3, -3.3, -3.3, -3.19, -2.97, -2.74, -2.4, -2.12, -1.69, -1.34, -0.87, -0.38, 0.01, 0.46, 0.85, 1.26, 1.58, 2.02, 2.37, 2.77, 2.98, 3.22, 3.28, 3.21, 3.05, 2.77, 2.41, 2.06, 1.63, 1.29, 0.86, 0.51, 0.07, -0.44, -0.81, -1.28, -1.65, -2.06, -2.37, -2.71, -2.94, -3.16, -3.3, -3.3, -3.3, -3.3, -3.28, -3.15, -2.93, -2.69, -2.33, -2.03, -1.62, -1.24, -0.77, -0.28, 0.1, 0.55, 0.91, 1.35, 1.67, 2.09, 2.45, 2.81, 3.08, 3.28, 3.28, 3.22, 2.99, 2.72, 2.34, 1.99, 1.55, 1.23, 0.79, 0.41, -0.03, -0.53, -0.92, -1.38, -1.74, -2.14, -2.44, -2.78, -2.99, -3.2, -3.3, -3.3, -3.3, -3.3, -3.25, -3.12, -2.85, -2.62, -2.26, -1.95, -1.52, -1.13, -0.68, -0.18, 0.2, 0.65, 1.01, 1.43, 1.74, 2.19]
正在输出正弦波...
[3.22, 3.02, 2.72, 2.33, 1.89, 1.47, 1.06, 0.6, 0.15, -0.32, -0.83, -1.28, -1.74, -2.14, -2.52, -2.83, -3.09, -3.27, -3.3, -3.3, -3.3, -3.27, -3.11, -2.86, -2.55, -2.18, -1.8, -1.33, -0.87, -0.36, 0.1, 0.55, 1.02, 1.42, 1.83, 2.26, 2.69, 2.98, 3.22, 3.27, 3.23, 3.0, 2.64, 2.24, 1.81, 1.37, 0.95, 0.52, 0.05, -0.44, -0.92, -1.38, -1.83, -2.24, -2.6, -2.9, -3.13, -3.3, -3.3, -3.3, -3.3, -3.25, -3.07, -2.81, -2.46, -2.12, -1.7, -1.24, -0.77, -0.28, 0.19, 0.65, 1.09, 1.49, 1.94, 2.37, 2.77, 3.08, 3.28, 3.27, 3.17, 2.94, 2.56, 2.15, 1.71, 1.3, 0.88, 0.42, -0.04, -0.52, -1.01, -1.47, -1.91, -2.29, -2.66, -2.95, -3.16, -3.3, -3.3, -3.3, -3.3, -3.22, -3.02, -2.74, -2.4, -2.02, -1.61, -1.13, -0.67, -0.19, 0.3, 0.75, 1.17, 1.58, 2.03, 2.44, 2.81, 3.13, 3.26, 3.29, 3.13, 2.86, 2.49, 2.06, 1.63, 1.22, 0.8, 0.34]
正在输出正弦波...
[3.0, 2.64, 2.15, 1.71, 1.22, 0.8, 0.25, -0.33, -0.83, -1.39, -1.83, -2.31, -2.66, -3.0, -3.2, -3.3, -3.3, -3.3, -3.25, -3.07, -2.73, -2.39, -1.96, -1.52, -0.9700001, -0.37, 0.11, 0.67, 1.09, 1.57, 2.02, 2.52, 2.88, 3.17, 3.27, 3.22, 2.94, 2.56, 2.04, 1.63, 1.14, 0.7, 0.15, -0.44, -0.93, -1.47, -1.91, -2.37, -2.71, -3.04, -3.25, -3.3, -3.3, -3.3, -3.23, -3.02, -2.69, -2.34, -1.86, -1.42, -0.87, -0.28, 0.21, 0.74, 1.17, 1.67, 2.09, 2.61, 2.95, 3.22, 3.28, 3.17, 2.86, 2.49, 1.99, 1.54, 1.05, 0.61, 0.06, -0.53, -1.03, -1.56, -2.01, -2.45, -2.79, -3.09, -3.27, -3.3, -3.3, -3.3, -3.17, -2.98, -2.61, -2.26, -1.79, -1.33, -0.78, -0.18, 0.3, 0.84, 1.25, 1.74, 2.19, 2.69, 3.0, 3.27, 3.26, 3.13, 2.76, 2.41, 1.9, 1.47, 0.9700001, 0.51, -0.05, -0.64, -1.11, -1.63, -2.07, -2.51, -2.82, -3.13, -3.3, -3.3, -3.3, -3.3, -3.16, -2.92]
正在输出正弦波...
[2.48, 1.89, 1.37, 0.86, 0.34, -0.33, -0.93, -1.47, -2.0, -2.53, -2.9, -3.16, -3.3, -3.3, -3.3, -3.22, -2.97, -2.55, -2.12, -1.62, -1.06, -0.38, 0.2, 0.75, 1.25, 1.83, 2.37, 2.78, 3.17, 3.27, 3.17, 2.85, 2.41, 1.8, 1.3, 0.79, 0.25, -0.44, -1.01, -1.57, -2.07, -2.59, -2.94, -3.2, -3.3, -3.3, -3.3, -3.17, -2.94, -2.46, -2.03, -1.52, -0.9700001, -0.29, 0.29, 0.85, 1.34, 1.92, 2.45, 2.9, 3.17, 3.26, 3.11, 2.77, 2.33, 1.71, 1.23, 0.69, 0.16, -0.54, -1.11, -1.63, -2.14, -2.66, -3.0, -3.25, -3.3, -3.3, -3.3, -3.15, -2.86, -2.4, -1.94, -1.43, -0.87, -0.15, 0.37, 0.92, 1.43, 2.03, 2.54, 2.94, 3.22, 3.26, 3.09, 2.74, 2.22, 1.63, 1.14, 0.6, 0.06, -0.63, -1.19, -1.74, -2.24, -2.71, -3.04, -3.27, -3.3, -3.3, -3.3, -3.11, -2.8, -2.32, -1.87, -1.33, -0.77, -0.08, 0.45, 1.01, 1.49, 2.09, 2.61, 2.99, 3.26, 3.27, 3.02, 2.65]
正在输出正弦波...
[2.48, 1.89, 1.37, 0.87, 0.34, -0.33, -0.92, -1.47, -1.99, -2.53, -2.91, -3.16, -3.3, -3.3, -3.3, -3.22, -2.97, -2.55, -2.11, -1.6, -1.06, -0.38, 0.2, 0.75, 1.26, 1.84, 2.37, 2.81, 3.18, 3.27, 3.18, 2.86, 2.4, 1.81, 1.3, 0.79, 0.25, -0.44, -1.01, -1.57, -2.07, -2.59, -2.96, -3.2, -3.3, -3.3, -3.3, -3.18, -2.93, -2.46, -2.02, -1.52, -0.9599999, -0.28, 0.29, 0.84, 1.35, 1.92, 2.45, 2.9, 3.16, 3.28, 3.12, 2.76, 2.34, 1.72, 1.23, 0.7, 0.15, -0.54, -1.11, -1.63, -2.14, -2.66, -2.99, -3.25, -3.3, -3.3, -3.3, -3.17, -2.85, -2.39, -1.94, -1.43, -0.87, -0.18, 0.37, 0.91, 1.43, 2.02, 2.53, 2.93, 3.22, 3.28, 3.08, 2.73, 2.22, 1.63, 1.13, 0.61, 0.06, -0.63, -1.19, -1.74, -2.23, -2.71, -3.04, -3.26, -3.3, -3.3, -3.3, -3.11, -2.81, -2.32, -1.87, -1.33, -0.77, -0.09, 0.46, 1.01, 1.51, 2.08, 2.61, 2.99, 3.27, 3.26, 3.02, 2.64]
正在输出正弦波...
[1.63, 1.05, 0.42, -0.33, -1.02, -1.66, -2.22, -2.71, -3.08, -3.3, -3.3, -3.3, -3.16, -2.81, -2.33, -1.8, -1.14, -0.37, 0.29, 0.91, 1.56, 2.09, 2.68, 3.12, 3.26, 3.11, 2.71, 2.17, 1.55, 0.9700001, 0.34, -0.44, -1.11, -1.74, -2.3, -2.77, -3.14, -3.3, -3.3, -3.3, -3.12, -2.73, -2.25, -1.69, -1.06, -0.28, 0.36, 1.01, 1.57, 2.18, 2.76, 3.17, 3.27, 3.09, 2.64, 2.06, 1.47, 0.87, 0.25, -0.54, -1.2, -1.84, -2.37, -2.83, -3.15, -3.3, -3.3, -3.3, -3.07, -2.69, -2.19, -1.62, -0.9700001, -0.18, 0.46, 1.08, 1.67, 2.26, 2.8, 3.16, 3.26, 3.02, 2.58, 1.99, 1.37, 0.79, 0.18, -0.62, -1.28, -1.91, -2.44, -2.91, -3.2, -3.3, -3.3, -3.27, -3.02, -2.61, -2.14, -1.53, -0.86, -0.1, 0.55, 1.17, 1.75, 2.37, 2.9, 3.22, 3.27, 3.0, 2.48, 1.9, 1.32, 0.69, 0.05, -0.71, -1.38, -1.99, -2.52, -2.96, -3.26, -3.3, -3.3, -3.25, -2.96, -2.55, -2.02, -1.43]
正在输出正弦波...
[0.52, -0.32, -1.11, -1.84, -2.52, -2.99, -3.3, -3.3, -3.3, -3.07, -2.54, -1.94, -1.24, -0.37, 0.35, 1.09, 1.84, 2.53, 3.09, 3.28, 3.09, 2.57, 1.81, 1.13, 0.4, -0.44, -1.19, -1.9, -2.58, -3.04, -3.3, -3.3, -3.3, -3.02, -2.47, -1.87, -1.13, -0.28, 0.45, 1.17, 1.93, 2.59, 3.12, 3.27, 3.04, 2.47, 1.72, 1.06, 0.31, -0.53, -1.28, -2.0, -2.66, -3.08, -3.3, -3.3, -3.27, -2.96, -2.4, -1.78, -1.06, -0.18, 0.55, 1.25, 2.02, 2.69, 3.17, 3.27, 3.0, 2.41, 1.63, 0.9700001, 0.25, -0.62, -1.38, -2.08, -2.71, -3.14, -3.3, -3.3, -3.25, -2.91, -2.32, -1.69, -0.9599999, -0.08, 0.65, 1.35, 2.1, 2.77, 3.16, 3.29, 2.95, 2.33, 1.55, 0.87, 0.15, -0.72, -1.48, -2.13, -2.78, -3.16, -3.3, -3.3, -3.22, -2.86, -2.26, -1.62, -0.9, -0.0, 0.75, 1.42, 2.19, 2.82, 3.23, 3.23, 2.86, 2.22, 1.47, 0.8, 0.06, -0.83, -1.57, -2.24, -2.82, -3.21, -3.3, -3.3]
正在输出正弦波...
[0.51, -0.31, -1.11, -1.83, -2.52, -3.0, -3.3, -3.3, -3.3, -3.07, -2.55, -1.95, -1.23, -0.37, 0.36, 1.09, 1.85, 2.54, 3.08, 3.28, 3.08, 2.57, 1.81, 1.13, 0.42, -0.44, -1.21, -1.92, -2.6, -3.09, -3.3, -3.3, -3.3, -3.02, -2.48, -1.86, -1.14, -0.28, 0.44, 1.18, 1.81, 2.56, 3.12, 3.3, 3.02, 2.48, 1.73, 1.06, 0.33, -0.54, -1.28, -1.93, -2.62, -3.07, -3.3, -3.3, -3.27, -2.97, -2.4, -1.8, -1.07, -0.15, 0.57, 1.33, 2.02, 2.7, 3.19, 3.26, 2.98, 2.41, 1.63, 0.9599999, 0.27, -0.63, -1.37, -2.07, -2.71, -3.14, -3.3, -3.3, -3.25, -2.92, -2.33, -1.69, -0.9599999, -0.09, 0.65, 1.34, 2.09, 2.77, 3.17, 3.26, 2.94, 2.33, 1.55, 0.87, 0.16, -0.72, -1.47, -2.14, -2.78, -3.17, -3.3, -3.3, -3.23, -2.86, -2.26, -1.62, -0.88, -0.01, 0.75, 1.43, 2.19, 2.81, 3.23, 3.22, 2.86, 2.22, 1.48, 0.79, 0.06, -0.83, -1.56, -2.24, -2.83, -3.2, -3.3, -3.3]
正在输出正弦波...
[0.51, -0.34, -1.11, -1.84, -2.53, -2.99, -3.29, -3.3, -3.3, -3.07, -2.55, -1.95, -1.23, -0.39, 0.37, 1.08, 1.84, 2.53, 3.08, 3.27, 3.07, 2.56, 1.76, 1.13, 0.41, -0.44, -1.19, -1.91, -2.59, -3.05, -3.3, -3.3, -3.3, -3.02, -2.46, -1.86, -1.14, -0.28, 0.46, 1.17, 1.92, 2.64, 3.14, 3.28, 3.05, 2.5, 1.72, 1.07, 0.34, -0.54, -1.28, -1.99, -2.66, -3.09, -3.3, -3.3, -3.28, -2.97, -2.4, -1.79, -1.06, -0.18, 0.56, 1.25, 2.04, 2.68, 3.17, 3.27, 2.98, 2.4, 1.64, 0.9599999, 0.24, -0.63, -1.37, -2.06, -2.71, -3.13, -3.3, -3.3, -3.25, -2.92, -2.33, -1.69, -0.9599999, -0.09, 0.65, 1.35, 2.09, 2.77, 3.17, 3.27, 2.95, 2.33, 1.55, 0.87, 0.14, -0.73, -1.47, -2.14, -2.77, -3.15, -3.3, -3.3, -3.22, -2.86, -2.26, -1.62, -0.88, 0.0, 0.74, 1.44, 2.18, 2.82, 3.23, 3.22, 2.86, 2.22, 1.47, 0.79, 0.07, -0.83, -1.57, -2.24, -2.83, -3.2, -3.3, -3.3]
正在输出方波...
[-3.3, -3.3, -3.3, -3.3, -3.3, -3.3, -3.3, -3.3, -3.3, -3.3, -3.3, -3.3, -3.3, -3.3, -3.3, -3.3, -3.3, -3.3, -3.3, -3.3, -3.3, -3.3, -3.3, -3.3, -3.3, -3.3, -3.3, -3.3, -3.3, -3.3, -3.3, -3.3, -3.3, 3.27, 3.27, 3.27, 3.27, 3.26, 3.26, 3.25, 3.25, 3.25, 3.25, 3.26, 3.27, 3.26, 3.26, 3.27, 3.27, 3.28, 3.27, 3.25, 3.27, 3.25, 3.26, 3.27, 3.26, 3.28, 3.27, 3.26, 3.28, 3.27, 3.25, 3.27, 3.27, 3.27, 3.27, 3.27, 3.27, 3.27, 3.26, 3.28, 3.27, 3.27, 3.28, 3.28, 3.27, -3.3, -3.3, -3.3, -3.3, -3.3, -3.3, -3.3, -3.3, -3.3, -3.3, -3.3, -3.3, -3.3, -3.3, -3.3, -3.3, -3.3, -3.3, -3.3, -3.3, -3.3, -3.3, -3.3, -3.3, -3.3, -3.3, -3.3, -3.3, -3.3, -3.3, -3.3, -3.3, -3.3, -3.3, -3.3, -3.3, -3.3, -3.3, -3.3, -3.3, -3.3, -3.3, -3.3, -3.3, 3.28, 3.27, 3.27, 3.27, 3.28, 3.28, 3.26]
正在输出方波...
[-3.3, -3.3, -3.3, -3.3, -3.3, -3.3, -3.3, -3.3, -3.3, -3.3, -3.3, -3.3, -3.3, -3.3, -3.3, -3.3, -3.3, -3.3, -3.3, -3.3, -3.3, -3.3, -3.3, -3.3, -3.3, 3.27, 3.28, 3.27, 3.26, 3.27, 3.26, 3.28, 3.28, 3.28, 3.26, 3.26, 3.28, 3.27, 3.27, 3.26, 3.26, 3.27, 3.27, 3.27, 3.28, 3.27, 3.27, 3.27, 3.28, 3.28, 3.27, 3.27, 3.27, 3.27, 3.26, 3.26, 3.27, 3.27, 3.26, 3.28, 3.27, -3.3, -3.3, -3.3, -3.3, -3.3, -3.3, -3.3, -3.3, -3.3, -3.3, -3.3, -3.3, -3.3, -3.3, -3.3, -3.3, -3.3, -3.3, -3.3, -3.3, -3.3, -3.3, -3.3, -3.3, -3.3, -3.3, -3.3, -3.3, -3.3, -3.3, -3.3, -3.3, -3.3, -3.3, -3.3, -3.3, 3.27, 3.25, 3.27, 3.27, 3.27, 3.25, 3.27, 3.27, 3.25, 3.26, 3.27, 3.28, 3.26, 3.28, 3.27, 3.28, 3.28, 3.26, 3.27, 3.28, 3.27, 3.27, 3.27, 3.27, 3.28, 3.28, 3.26, 3.27, 3.27, 3.26, 3.26]
正在输出方波...
[-3.3, -3.3, -3.3, -3.3, -3.3, -3.3, -3.3, -3.3, -3.3, -3.3, -3.3, -3.3, -3.3, -3.3, -3.3, -3.3, -3.3, -3.3, -3.3, 3.27, 3.27, 3.28, 3.26, 3.27, 3.26, 3.27, 3.27, 3.28, 3.27, 3.26, 3.27, 3.27, 3.26, 3.26, 3.27, 3.28, 3.28, 3.27, 3.28, 3.26, 3.27, 3.27, 3.27, 3.27, 3.27, 3.28, 3.27, 3.26, 3.26, -3.3, -3.3, -3.3, -3.3, -3.3, -3.3, -3.3, -3.3, -3.3, -3.3, -3.3, -3.3, -3.3, -3.3, -3.3, -3.3, -3.3, -3.3, -3.3, -3.3, -3.3, -3.3, -3.3, -3.3, -3.3, -3.3, -3.3, -3.3, -3.3, -3.3, 3.27, 3.28, 3.28, 3.27, 3.28, 3.27, 3.27, 3.26, 3.27, 3.27, 3.27, 3.27, 3.27, 3.26, 3.26, 3.27, 3.28, 3.27, 3.27, 3.28, 3.28, 3.27, 3.27, 3.27, 3.26, 3.26, 3.27, 3.28, 3.26, 3.25, -3.3, -3.3, -3.3, -3.3, -3.3, -3.3, -3.3, -3.3, -3.3, -3.3, -3.3, -3.3, -3.3, -3.3, -3.3, -3.3, -3.3, -3.3, -3.3]
正在输出方波...
[-3.3, -3.3, -3.3, -3.3, -3.3, -3.3, -3.3, -3.3, -3.3, -3.3, -3.3, -3.3, -3.3, -3.3, -3.3, 3.28, 3.27, 3.26, 3.27, 3.25, 3.26, 3.26, 3.27, 3.28, 3.28, 3.27, 3.27, 3.28, 3.27, 3.25, 3.27, 3.25, 3.27, 3.27, 3.26, 3.27, 3.27, 3.27, 3.27, 3.27, 3.27, -3.3, -3.3, -3.3, -3.3, -3.3, -3.3, -3.3, -3.3, -3.3, -3.3, -3.3, -3.3, -3.3, -3.3, -3.3, -3.3, -3.3, -3.3, -3.3, -3.3, -3.3, -3.3, -3.3, -3.3, -3.3, -3.3, 3.27, 3.26, 3.28, 3.27, 3.27, 3.28, 3.26, 3.27, 3.27, 3.27, 3.3, 3.28, 3.28, 3.28, 3.27, 3.27, 3.28, 3.27, 3.28, 3.28, 3.27, 3.27, 3.27, 3.27, 3.26, 3.28, -3.3, -3.3, -3.3, -3.3, -3.3, -3.3, -3.3, -3.3, -3.3, -3.3, -3.3, -3.3, -3.3, -3.3, -3.3, -3.3, -3.3, -3.3, -3.3, -3.3, -3.3, -3.3, -3.3, -3.3, -3.3, -3.3, 3.28, 3.27, 3.28, 3.27, 3.27, 3.27, 3.27, 3.26, 3.28]
正在输出方波...
[-3.3, -3.3, -3.3, -3.3, -3.3, -3.3, -3.3, -3.3, -3.3, -3.3, -3.3, 3.27, 3.26, 3.26, 3.27, 3.27, 3.27, 3.27, 3.28, 3.27, 3.27, 3.27, 3.26, 3.28, 3.29, 3.27, 3.28, 3.26, 3.26, 3.27, 3.28, 3.27, 3.27, -3.3, -3.3, -3.3, -3.3, -3.3, -3.3, -3.3, -3.3, -3.3, -3.3, -3.3, -3.3, -3.3, -3.3, -3.3, -3.3, -3.3, -3.3, -3.3, -3.3, -3.3, -3.3, 3.27, 3.28, 3.26, 3.26, 3.27, 3.3, 3.26, 3.26, 3.28, 3.26, 3.28, 3.26, 3.27, 3.27, 3.27, 3.26, 3.26, 3.28, 3.28, 3.27, 3.28, 3.27, -3.3, -3.3, -3.3, -3.3, -3.3, -3.3, -3.3, -3.3, -3.3, -3.3, -3.3, -3.3, -3.3, -3.3, -3.3, -3.3, -3.3, -3.3, -3.3, -3.3, -3.3, -3.3, 3.28, 3.28, 3.27, 3.27, 3.27, 3.27, 3.27, 3.28, 3.28, 3.28, 3.27, 3.28, 3.27, 3.27, 3.26, 3.27, 3.28, 3.28, 3.27, 3.27, 3.28, 3.28, -3.3, -3.3, -3.3, -3.3, -3.3, -3.3, -3.3]
正在输出方波...
[-3.3, -3.3, -3.3, -3.3, -3.3, -3.3, -3.3, -3.3, -3.3, 3.27, 3.28, 3.27, 3.27, 3.27, 3.26, 3.28, 3.27, 3.28, 3.26, 3.3, 3.29, 3.27, 3.25, 3.24, 3.27, 3.26, 3.27, 3.28, 3.27, -3.3, -3.3, -3.3, -3.3, -3.3, -3.3, -3.3, -3.3, -3.3, -3.3, -3.3, -3.3, -3.3, -3.3, -3.3, -3.3, -3.3, -3.3, -3.3, -3.3, 3.27, 3.26, 3.27, 3.26, 3.28, 3.27, 3.27, 3.27, 3.27, 3.27, 3.27, 3.27, 3.27, 3.28, 3.27, 3.26, 3.27, 3.27, 3.26, 3.27, -3.3, -3.3, -3.3, -3.3, -3.3, -3.3, -3.3, -3.3, -3.3, -3.3, -3.3, -3.3, -3.3, -3.3, -3.3, -3.3, -3.3, -3.3, -3.3, -3.3, 3.27, 3.28, 3.28, 3.26, 3.26, 3.27, 3.27, 3.27, 3.28, 3.27, 3.26, 3.27, 3.27, 3.28, 3.27, 3.26, 3.26, 3.27, 3.27, 3.27, -3.3, -3.3, -3.3, -3.3, -3.3, -3.3, -3.3, -3.3, -3.3, -3.3, -3.3, -3.3, -3.3, -3.3, -3.3, -3.3, -3.3, -3.3, -3.3]
正在输出方波...
[-3.3, -3.3, -3.3, -3.3, -3.3, -3.3, -3.3, 3.26, 3.26, 3.26, 3.26, 3.26, 3.28, 3.27, 3.28, 3.28, 3.27, 3.27, 3.28, 3.27, 3.27, 3.27, 3.27, 3.28, 3.27, -3.3, -3.3, -3.3, -3.3, -3.3, -3.3, -3.3, -3.3, -3.3, -3.3, -3.3, -3.3, -3.3, -3.3, -3.3, -3.3, -3.3, -3.3, 3.27, 3.28, 3.25, 3.27, 3.26, 3.27, 3.28, 3.27, 3.26, 3.27, 3.26, 3.28, 3.28, 3.26, 3.27, 3.26, 3.27, 3.28, -3.3, -3.3, -3.3, -3.3, -3.3, -3.3, -3.3, -3.3, -3.3, -3.3, -3.3, -3.3, -3.3, -3.3, -3.3, -3.3, -3.3, -3.3, 3.27, 3.28, 3.27, 3.27, 3.27, 3.27, 3.26, 3.26, 3.27, 3.27, 3.26, 3.28, 3.27, 3.27, 3.27, 3.27, 3.26, 3.27, -3.3, -3.3, -3.3, -3.3, -3.3, -3.3, -3.3, -3.3, -3.3, -3.3, -3.3, -3.3, -3.3, -3.3, -3.3, -3.3, -3.3, -3.3, 3.27, 3.27, 3.27, 3.28, 3.27, 3.28, 3.27, 3.26, 3.27, 3.28, 3.27, 3.26, 3.27]
正在输出方波...
[-3.3, -3.3, -3.3, -3.3, -3.3, 3.3, 3.28, 3.27, 3.27, 3.26, 3.27, 3.27, 3.28, 3.27, 3.27, 3.26, 3.28, 3.27, 3.28, 3.27, 3.3, -3.3, -3.3, -3.3, -3.3, -3.3, -3.3, -3.3, -3.3, -3.3, -3.3, -3.3, -3.3, -3.3, -3.3, -3.3, -3.3, 3.28, 3.27, 3.28, 3.27, 3.26, 3.28, 3.26, 3.28, 3.28, 3.27, 3.26, 3.27, 3.26, 3.28, 3.27, 3.26, -3.3, -3.3, -3.3, -3.3, -3.3, -3.3, -3.3, -3.3, -3.3, -3.3, -3.3, -3.3, -3.3, -3.3, -3.3, -3.3, 3.25, 3.26, 3.28, 3.27, 3.27, 3.28, 3.28, 3.28, 3.28, 3.27, 3.28, 3.26, 3.27, 3.26, 3.27, 3.27, -3.3, -3.3, -3.3, -3.3, -3.3, -3.3, -3.3, -3.3, -3.3, -3.3, -3.3, -3.3, -3.3, -3.3, -3.3, -3.3, 3.26, 3.27, 3.27, 3.27, 3.27, 3.26, 3.27, 3.3, 3.28, 3.27, 3.27, 3.28, 3.27, 3.27, 3.28, 3.28, -3.3, -3.3, -3.3, -3.3, -3.3, -3.3, -3.3, -3.3, -3.3, -3.3, -3.3]
正在输出方波...
[-3.3, -3.3, -3.3, -3.3, -3.3, 3.28, 3.27, 3.28, 3.27, 3.27, 3.27, 3.27, 3.27, 3.28, 3.26, 3.26, 3.26, 3.28, 3.28, 3.28, 3.27, -3.3, -3.3, -3.3, -3.3, -3.3, -3.3, -3.3, -3.3, -3.3, -3.3, -3.3, -3.3, -3.3, -3.3, -3.3, -3.3, 3.27, 3.27, 3.27, 3.28, 3.24, 3.26, 3.28, 3.28, 3.27, 3.27, 3.28, 3.27, 3.28, 3.27, 3.27, 3.26, -3.3, -3.3, -3.3, -3.3, -3.3, -3.3, -3.3, -3.3, -3.3, -3.3, -3.3, -3.3, -3.3, -3.3, -3.3, -3.3, 3.27, 3.26, 3.27, 3.28, 3.27, 3.26, 3.27, 3.28, 3.27, 3.27, 3.28, 3.28, 3.27, 3.28, 3.28, 3.27, -3.3, -3.3, -3.3, -3.3, -3.3, -3.3, -3.3, -3.3, -3.3, -3.3, -3.3, -3.3, -3.3, -3.3, -3.3, -3.3, 3.28, 3.26, 3.28, 3.26, 3.26, 3.28, 3.26, 3.27, 3.28, 3.27, 3.25, 3.28, 3.27, 3.26, 3.26, 3.28, -3.3, -3.3, -3.3, -3.3, -3.3, -3.3, -3.3, -3.3, -3.3, -3.3, -3.3]
正在输出方波...
[-3.3, -3.3, -3.3, 3.29, 3.27, 3.27, 3.28, 3.27, 3.28, 3.27, 3.26, 3.27, 3.27, 3.27, 3.27, 3.26, 3.27, -3.3, -3.3, -3.3, -3.3, -3.3, -3.3, -3.3, -3.3, -3.3, -3.3, -3.3, -3.3, -3.3, -3.3, 3.27, 3.26, 3.27, 3.27, 3.27, 3.27, 3.28, 3.27, 3.25, 3.27, 3.27, 3.23, 3.27, 3.27, -3.3, -3.3, -3.3, -3.3, -3.3, -3.3, -3.3, -3.3, -3.3, -3.3, -3.3, -3.3, -3.3, -3.3, 3.28, 3.27, 3.26, 3.27, 3.27, 3.28, 3.27, 3.28, 3.26, 3.27, 3.27, 3.28, 3.26, 3.27, -3.3, -3.3, -3.3, -3.3, -3.3, -3.3, -3.3, -3.3, -3.3, -3.3, -3.3, -3.3, -3.3, -3.3, 3.27, 3.27, 3.28, 3.26, 3.27, 3.27, 3.28, 3.28, 3.27, 3.26, 3.26, 3.26, 3.26, 3.27, -3.3, -3.3, -3.3, -3.3, -3.3, -3.3, -3.3, -3.3, -3.3, -3.3, -3.3, -3.3, -3.3, -3.3, 3.27, 3.28, 3.26, 3.27, 3.27, 3.25, 3.27, 3.27, 3.28, 3.26, 3.26, 3.27, 3.27]
正在输出方波...
[-3.3, 3.27, 3.28, 3.26, 3.27, 3.27, 3.27, 3.27, 3.26, 3.28, 3.28, 3.27, 3.28, -3.3, -3.3, -3.3, -3.3, -3.3, -3.3, -3.3, -3.3, -3.3, -3.3, -3.3, -3.3, 3.27, 3.27, 3.27, 3.25, 3.27, 3.27, 3.28, 3.27, 3.27, 3.26, 3.28, 3.27, -3.3, -3.3, -3.3, -3.3, -3.3, -3.3, -3.3, -3.3, -3.3, -3.3, -3.3, -3.3, 3.26, 3.26, 3.27, 3.27, 3.27, 3.27, 3.28, 3.28, 3.27, 3.28, 3.27, 3.27, -3.3, -3.3, -3.3, -3.3, -3.3, -3.3, -3.3, -3.3, -3.3, -3.3, -3.3, -3.3, 3.28, 3.28, 3.26, 3.28, 3.28, 3.27, 3.26, 3.28, 3.27, 3.27, 3.26, 3.27, -3.3, -3.3, -3.3, -3.3, -3.3, -3.3, -3.3, -3.3, -3.3, -3.3, -3.3, -3.3, 3.27, 3.28, 3.27, 3.27, 3.28, 3.26, 3.28, 3.27, 3.27, 3.26, 3.24, 3.27, -3.3, -3.3, -3.3, -3.3, -3.3, -3.3, -3.3, -3.3, -3.3, -3.3, -3.3, -3.3, 3.28, 3.27, 3.27, 3.28, 3.28, 3.27, 3.26]
正在输出方波...
[-3.3, 3.27, 3.27, 3.27, 3.27, 3.26, 3.27, 3.27, 3.27, 3.28, 3.27, 3.28, 3.26, -3.3, -3.3, -3.3, -3.3, -3.3, -3.3, -3.3, -3.3, -3.3, -3.3, -3.3, -3.3, 3.28, 3.28, 3.26, 3.25, 3.26, 3.27, 3.27, 3.27, 3.28, 3.28, 3.26, 3.26, -3.3, -3.3, -3.3, -3.3, -3.3, -3.3, -3.3, -3.3, -3.3, -3.3, -3.3, -3.3, 3.27, 3.26, 3.27, 3.27, 3.28, 3.26, 3.28, 3.27, 3.28, 3.25, 3.28, 3.28, -3.3, -3.3, -3.3, -3.3, -3.3, -3.3, -3.3, -3.3, -3.3, -3.3, -3.3, -3.3, 3.28, 3.27, 3.27, 3.27, 3.27, 3.27, 3.27, 3.26, 3.27, 3.27, 3.27, 3.28, -3.3, -3.3, -3.3, -3.3, -3.3, -3.3, -3.3, -3.3, -3.3, -3.3, -3.3, -3.3, 3.26, 3.27, 3.28, 3.27, 3.27, 3.27, 3.28, 3.28, 3.28, 3.28, 3.27, 3.28, -3.3, -3.3, -3.3, -3.3, -3.3, -3.3, -3.3, -3.3, -3.3, -3.3, -3.3, -3.3, 3.26, 3.28, 3.27, 3.27, 3.28, 3.27, 3.27]
正在输出方波...
[-3.3, 3.28, 3.28, 3.28, 3.27, 3.27, 3.28, 3.24, 3.28, 3.27, 3.27, 3.28, 3.26, -3.3, -3.3, -3.3, -3.3, -3.3, -3.3, -3.3, -3.3, -3.3, -3.3, -3.3, -3.3, 3.26, 3.28, 3.27, 3.27, 3.27, 3.27, 3.26, 3.25, 3.28, 3.28, 3.28, 3.27, -3.3, -3.3, -3.3, -3.3, -3.3, -3.3, -3.3, -3.3, -3.3, -3.3, -3.3, -3.3, 3.27, 3.28, 3.26, 3.27, 3.27, 3.27, 3.25, 3.28, 3.29, 3.26, 3.27, 3.27, -3.3, -3.3, -3.3, -3.3, -3.3, -3.3, -3.3, -3.3, -3.3, -3.3, -3.3, -3.3, 3.26, 3.26, 3.27, 3.26, 3.28, 3.28, 3.26, 3.28, 3.28, 3.27, 3.27, 3.26, -3.3, -3.3, -3.3, -3.3, -3.3, -3.3, -3.3, -3.3, -3.3, -3.3, -3.3, -3.3, 3.27, 3.28, 3.27, 3.27, 3.27, 3.27, 3.28, 3.27, 3.25, 3.27, 3.26, 3.28, -3.3, -3.3, -3.3, -3.3, -3.3, -3.3, -3.3, -3.3, -3.3, -3.3, -3.3, -3.3, 3.27, 3.27, 3.25, 3.27, 3.26, 3.27, 3.27]
正在输出三角波...
[1.2, 1.08, 0.94, 0.82, 0.65, 0.5, 0.39, 0.27, 0.09, -0.04, -0.14, -0.34, -0.48, -0.58, -0.69, -0.9, -1.02, -1.13, -1.25, -1.45, -1.56, -1.69, -1.89, -2.0, -2.12, -2.23, -2.42, -2.54, -2.66, -2.78, -2.97, -3.08, -3.2, -3.3, -3.3, -3.2, -3.09, -2.93, -2.78, -2.66, -2.55, -2.35, -2.24, -2.12, -1.92, -1.82, -1.7, -1.56, -1.38, -1.26, -1.13, -1.01, -0.83, -0.7, -0.59, -0.39, -0.28, -0.16, -0.04, 0.15, 0.26, 0.39, 0.52, 0.7, 0.81, 0.94, 1.13, 1.24, 1.37, 1.53, 1.72, 1.86, 2.05, 2.22, 2.48, 2.72, 2.94, -3.3, 3.03, 2.81, 2.6, 2.31, 2.13, 1.95, 1.81, 1.57, 1.44, 1.31, 1.13, 1.01, 0.89, 0.76, 0.58, 0.46, 0.34, 0.22, 0.03, -0.09, -0.21, -0.4, -0.51, -0.64, -0.78, -0.95, -1.06, -1.21, -1.33, -1.49, -1.64, -1.77, -1.92, -2.08, -2.2, -2.31, -2.5, -2.6, -2.76, -2.86, -3.03, -3.16, -3.27, -3.3, -3.28, -3.15, -3.04, -2.86, -2.74, -2.61]
正在输出三角波...
[0.89, 0.7, 0.5, 0.39, 0.23, 0.04, -0.15, -0.34, -0.46, -0.63, -0.81, -1.02, -1.12, -1.34, -1.5, -1.69, -1.88, -1.99, -2.18, -2.35, -2.54, -2.65, -2.86, -3.04, -3.2, -3.3, -3.3, -3.15, -2.97, -2.78, -2.66, -2.5, -2.3, -2.11, -1.93, -1.82, -1.65, -1.45, -1.26, -1.13, -0.95, -0.77, -0.58, -0.4, -0.28, -0.09, 0.08, 0.27, 0.39, 0.59, 0.76, 0.95, 1.14, 1.26, 1.45, 1.67, 1.86, 2.06, 2.29, 2.61, 2.94, -3.3, 3.03, 2.72, 2.4, 2.12, 1.96, 1.72, 1.53, 1.32, 1.13, 1.04, 0.81, 0.65, 0.47, 0.34, 0.15, -0.04, -0.21, -0.4, -0.51, -0.71, -0.9, -1.06, -1.22, -1.37, -1.57, -1.77, -1.92, -2.08, -2.23, -2.43, -2.61, -2.74, -2.92, -3.09, -3.27, -3.3, -3.27, -3.09, -2.93, -2.74, -2.61, -2.41, -2.23, -2.07, -1.89, -1.77, -1.57, -1.38, -1.21, -1.07, -0.9, -0.7, -0.51, -0.35, -0.21, -0.03, 0.15, 0.35, 0.46, 0.65, 0.81, 1.01, 1.21, 1.32, 1.48, 1.73]
正在输出三角波...
[0.5, 0.28, 0.08, -0.08, -0.34, -0.49, -0.69, -0.95, -1.12, -1.34, -1.56, -1.76, -1.93, -2.19, -2.35, -2.55, -2.79, -2.97, -3.16, -3.3, -3.27, -3.08, -2.85, -2.66, -2.5, -2.24, -2.07, -1.88, -1.64, -1.46, -1.26, -1.01, -0.83, -0.64, -0.39, -0.2, -0.05, 0.23, 0.39, 0.59, 0.82, 1.01, 1.21, 1.45, 1.67, 1.87, 2.24, 2.5, 2.81, -3.3, 2.94, 2.6, 2.22, 1.95, 1.72, 1.46, 1.25, 1.08, 0.81, 0.7, 0.46, 0.23, 0.03, -0.16, -0.39, -0.59, -0.77, -1.02, -1.2, -1.37, -1.64, -1.81, -2.0, -2.23, -2.41, -2.61, -2.86, -3.05, -3.2, -3.3, -3.2, -3.04, -2.78, -2.62, -2.42, -2.18, -1.99, -1.81, -1.57, -1.38, -1.21, -0.94, -0.76, -0.58, -0.36, -0.16, 0.03, 0.28, 0.46, 0.65, 0.89, 1.09, 1.25, 1.53, 1.73, 1.96, 2.31, 2.61, 2.94, 3.17, 2.81, 2.49, 2.12, 1.87, 1.67, 1.37, 1.2, 1.01, 0.77, 0.59, 0.39, 0.14, -0.03, -0.21, -0.46, -0.63, -0.81, -1.06]
正在输出三角波...
[0.14, -0.08, -0.34, -0.51, -0.77, -1.01, -1.26, -1.5, -1.76, -1.92, -2.19, -2.42, -2.66, -2.93, -3.16, -3.3, -3.27, -3.05, -2.79, -2.54, -2.3, -2.07, -1.88, -1.64, -1.37, -1.13, -0.9, -0.63, -0.39, -0.2, 0.04, 0.28, 0.51, 0.76, 1.01, 1.21, 1.45, 1.72, 2.06, 2.4, 2.81, -3.3, 2.94, 2.49, 2.12, 1.8, 1.53, 1.26, 1.09, 0.83, 0.58, 0.34, 0.09, -0.16, -0.38, -0.59, -0.83, -1.06, -1.33, -1.57, -1.82, -1.99, -2.23, -2.5, -2.73, -2.97, -3.2, -3.3, -3.2, -2.96, -2.74, -2.5, -2.24, -1.99, -1.83, -1.57, -1.33, -1.06, -0.83, -0.58, -0.34, -0.12, 0.08, 0.34, 0.58, 0.82, 1.08, 1.28, 1.52, 1.81, 2.13, 2.48, 2.95, 3.19, 2.81, 2.4, 2.06, 1.73, 1.45, 1.21, 1.02, 0.77, 0.51, 0.28, 0.03, -0.2, -0.46, -0.63, -0.89, -1.14, -1.38, -1.64, -1.88, -2.07, -2.3, -2.54, -2.78, -3.04, -3.27, -3.3, -3.16, -2.92, -2.66, -2.42, -2.19, -1.93, -1.77, -1.51]
正在输出三角波...
[-0.36, -0.58, -0.89, -1.13, -1.45, -1.69, -2.0, -2.24, -2.55, -2.78, -3.08, -3.3, -3.2, -2.93, -2.66, -2.35, -2.12, -1.81, -1.57, -1.25, -1.02, -0.7, -0.39, -0.15, 0.16, 0.39, 0.69, 0.94, 1.25, 1.52, 1.86, 2.22, 2.73, -3.3, 2.81, 2.3, 1.96, 1.58, 1.32, 1.01, 0.77, 0.46, 0.22, -0.09, -0.39, -0.64, -0.95, -1.21, -1.49, -1.77, -2.07, -2.3, -2.61, -2.85, -3.17, -3.3, -3.16, -2.85, -2.61, -2.3, -2.06, -1.77, -1.5, -1.21, -0.94, -0.62, -0.35, -0.09, 0.22, 0.47, 0.77, 1.01, 1.33, 1.58, 1.96, 2.3, 2.82, 3.17, 2.72, 2.22, 1.87, 1.53, 1.25, 0.94, 0.69, 0.39, 0.16, -0.16, -0.46, -0.7, -1.01, -1.26, -1.57, -1.81, -2.12, -2.35, -2.66, -2.93, -3.2, -3.3, -3.08, -2.78, -2.55, -2.24, -2.0, -1.7, -1.46, -1.13, -0.9, -0.57, -0.28, -0.04, 0.26, 0.51, 0.81, 1.1, 1.38, 1.68, 2.06, 2.42, 2.93, 3.05, 2.61, 2.12, 1.81, 1.46, 1.2, 0.9]
正在输出三角波...
[-0.64, -0.94, -1.26, -1.57, -1.89, -2.19, -2.5, -2.79, -3.09, -3.3, -3.16, -2.85, -2.55, -2.24, -1.92, -1.63, -1.32, -1.01, -0.7, -0.39, -0.09, 0.23, 0.52, 0.81, 1.13, 1.45, 1.81, 2.22, 2.74, -3.3, 2.73, 2.22, 1.81, 1.44, 1.14, 0.81, 0.51, 0.23, -0.09, -0.39, -0.7, -1.01, -1.33, -1.65, -1.95, -2.23, -2.55, -2.84, -3.15, -3.3, -3.09, -2.78, -2.51, -2.19, -1.88, -1.54, -1.25, -0.93, -0.69, -0.35, -0.03, 0.28, 0.66, 0.9, 1.08, 1.44, 1.85, 2.4, 2.84, 3.18, 2.61, 2.11, 1.72, 1.37, 1.13, 0.75, 0.47, 0.13, -0.21, -0.48, -0.77, -1.09, -1.35, -1.67, -2.0, -2.3, -2.61, -2.92, -3.21, -3.3, -3.04, -2.73, -2.42, -2.13, -1.82, -1.5, -1.21, -0.9, -0.58, -0.28, 0.03, 0.28, 0.65, 0.94, 1.25, 1.58, 1.96, 2.41, 2.96, 3.04, 2.49, 2.06, 1.66, 1.33, 1.01, 0.7, 0.39, 0.08, -0.22, -0.51, -0.84, -1.13, -1.44, -1.77, -2.07, -2.35, -2.66, -2.97]
正在输出三角波...
[-1.02, -1.33, -1.7, -2.0, -2.35, -2.67, -3.04, -3.3, -3.15, -2.78, -2.5, -2.11, -1.82, -1.46, -1.13, -0.77, -0.39, -0.09, 0.28, 0.57, 0.94, 1.25, 1.68, 2.06, 2.59, -3.3, 2.74, 2.14, 1.72, 1.33, 1.01, 0.64, 0.35, -0.05, -0.39, -0.69, -1.06, -1.38, -1.77, -2.08, -2.42, -2.74, -3.09, -3.3, -3.09, -2.74, -2.42, -2.07, -1.77, -1.37, -1.06, -0.7, -0.34, -0.04, 0.34, 0.65, 1.01, 1.33, 1.72, 2.12, 2.73, 3.18, 2.6, 2.06, 1.66, 1.25, 0.94, 0.58, 0.28, -0.09, -0.45, -0.76, -1.14, -1.44, -1.81, -2.12, -2.5, -2.78, -3.16, -3.3, -3.05, -2.67, -2.35, -2.0, -1.69, -1.32, -1.0, -0.63, -0.28, 0.03, 0.39, 0.7, 1.08, 1.37, 1.81, 2.23, 2.81, 3.04, 2.49, 1.95, 1.58, 1.21, 0.89, 0.5, 0.22, -0.16, -0.51, -0.81, -1.21, -1.49, -1.88, -2.19, -2.56, -2.83, -3.21, -3.28, -2.97, -2.61, -2.31, -1.93, -1.64, -1.25, -0.95, -0.59, -0.19, 0.09, 0.47, 0.77]
正在输出三角波...
[-1.45, -1.89, -2.24, -2.62, -2.98, -3.3, -3.09, -2.74, -2.35, -1.93, -1.57, -1.21, -0.83, -0.39, -0.05, 0.34, 0.69, 1.14, 1.53, 1.95, 2.49, -3.3, 2.6, 2.04, 1.59, 1.13, 0.76, 0.4, 0.03, -0.39, -0.77, -1.13, -1.51, -1.92, -2.31, -2.66, -3.04, -3.3, -3.04, -2.66, -2.3, -1.88, -1.49, -1.14, -0.76, -0.34, 0.03, 0.39, 0.8, 1.19, 1.58, 2.06, 2.61, 3.17, 2.49, 1.96, 1.52, 1.09, 0.7, 0.34, -0.05, -0.47, -0.83, -1.22, -1.57, -2.0, -2.35, -2.74, -3.09, -3.3, -2.97, -2.61, -2.23, -1.82, -1.45, -1.06, -0.7, -0.28, 0.08, 0.46, 0.81, 1.24, 1.66, 2.12, 2.74, 3.03, 2.4, 1.86, 1.46, 1.02, 0.65, 0.27, -0.09, -0.51, -0.9, -1.26, -1.63, -2.08, -2.42, -2.78, -3.15, -3.27, -2.92, -2.55, -2.18, -1.78, -1.39, -1.03, -0.63, -0.21, 0.15, 0.51, 0.9, 1.33, 1.73, 2.22, 2.81, 2.95, 2.3, 1.81, 1.37, 0.95, 0.58, 0.21, -0.15, -0.58, -0.95, -1.34]
正在输出三角波...
[-1.45, -1.88, -2.23, -2.61, -2.98, -3.3, -3.09, -2.74, -2.34, -1.93, -1.57, -1.21, -0.83, -0.4, -0.05, 0.34, 0.7, 1.14, 1.52, 1.95, 2.49, -3.3, 2.61, 2.06, 1.58, 1.14, 0.77, 0.39, 0.03, -0.39, -0.77, -1.13, -1.5, -1.93, -2.3, -2.66, -3.04, -3.3, -3.04, -2.66, -2.3, -1.89, -1.49, -1.13, -0.77, -0.35, 0.04, 0.39, 0.76, 1.2, 1.57, 2.06, 2.61, 3.17, 2.48, 1.96, 1.52, 1.08, 0.7, 0.34, -0.05, -0.47, -0.83, -1.22, -1.57, -1.99, -2.35, -2.73, -3.09, -3.3, -2.97, -2.61, -2.24, -1.82, -1.46, -1.06, -0.7, -0.28, 0.08, 0.46, 0.8, 1.25, 1.67, 2.13, 2.73, 3.02, 2.41, 1.86, 1.46, 1.02, 0.66, 0.27, -0.1, -0.51, -0.89, -1.25, -1.64, -2.07, -2.42, -2.78, -3.16, -3.28, -2.93, -2.55, -2.19, -1.77, -1.38, -1.01, -0.64, -0.2, 0.16, 0.5, 0.89, 1.32, 1.71, 2.24, 2.81, 2.95, 2.3, 1.77, 1.38, 0.94, 0.58, 0.22, -0.16, -0.58, -0.94, -1.33]
正在输出三角波...
[-2.07, -2.49, -2.93, -3.3, -3.04, -2.6, -2.2, -1.77, -1.33, -0.9700001, -0.39, 0.05, 0.47, 0.88, 1.32, 1.81, 2.53, -3.3, 2.45, 1.86, 1.39, 0.92, 0.52, 0.1, -0.39, -0.83, -1.26, -1.7, -2.12, -2.55, -2.97, -3.3, -2.97, -2.55, -2.12, -1.69, -1.26, -0.83, -0.35, 0.08, 0.52, 0.95, 1.37, 1.86, 2.5, 3.17, 2.41, 1.81, 1.33, 0.89, 0.46, 0.03, -0.47, -0.89, -1.33, -1.77, -2.18, -2.62, -3.04, -3.3, -2.92, -2.5, -2.07, -1.64, -1.21, -0.77, -0.28, 0.15, 0.58, 1.02, 1.44, 1.96, 2.61, 3.05, 2.3, 1.72, 1.26, 0.82, 0.39, -0.04, -0.5, -0.94, -1.37, -1.81, -2.24, -2.66, -3.09, -3.27, -2.86, -2.42, -1.99, -1.57, -1.14, -0.7, -0.21, 0.22, 0.64, 1.08, 1.53, 2.06, 2.73, 2.93, 2.24, 1.66, 1.2, 0.76, 0.34, -0.09, -0.59, -1.01, -1.44, -1.88, -2.3, -2.74, -3.16, -3.21, -2.78, -2.35, -1.93, -1.49, -1.06, -0.62, -0.15, 0.28, 0.72, 1.14, 1.58, 2.13]
正在输出三角波...
[-2.85, -3.3, -2.97, -2.5, -1.93, -1.45, -0.95, -0.39, 0.08, 0.59, 1.14, 1.67, 2.29, -3.3, 2.4, 1.72, 1.13, 0.65, 0.16, -0.4, -0.9, -1.38, -1.92, -2.41, -2.92, -3.3, -2.92, -2.41, -1.89, -1.38, -0.9, -0.35, 0.15, 0.66, 1.2, 1.72, 2.41, 3.17, 2.3, 1.65, 1.09, 0.58, 0.08, -0.46, -0.94, -1.44, -2.0, -2.5, -2.97, -3.3, -2.86, -2.35, -1.82, -1.33, -0.81, -0.28, 0.22, 0.69, 1.25, 1.81, 2.5, 3.04, 2.23, 1.58, 1.01, 0.51, 0.03, -0.51, -1.02, -1.5, -2.07, -2.54, -3.04, -3.27, -2.78, -2.3, -1.75, -1.26, -0.77, -0.21, 0.28, 0.76, 1.33, 1.86, 2.61, 2.95, 2.12, 1.52, 0.94, 0.46, -0.04, -0.58, -1.06, -1.57, -2.13, -2.62, -3.09, -3.2, -2.74, -2.23, -1.68, -1.21, -0.7, -0.16, 0.34, 0.81, 1.37, 1.96, 2.72, 2.81, 2.05, 1.45, 0.9, 0.39, -0.09, -0.63, -1.13, -1.64, -2.19, -2.66, -3.15, -3.16, -2.66, -2.18, -1.63, -1.13, -0.63, -0.09]
正在输出三角波...
[-2.85, -3.3, -2.97, -2.5, -1.93, -1.44, -0.95, -0.39, 0.08, 0.58, 1.13, 1.67, 2.3, -3.3, 2.41, 1.73, 1.13, 0.65, 0.15, -0.39, -0.9, -1.38, -1.92, -2.42, -2.92, -3.3, -2.92, -2.41, -1.88, -1.38, -0.89, -0.35, 0.15, 0.65, 1.2, 1.71, 2.4, 3.17, 2.3, 1.66, 1.08, 0.59, 0.08, -0.47, -0.95, -1.45, -2.0, -2.5, -2.97, -3.3, -2.86, -2.35, -1.82, -1.32, -0.81, -0.27, 0.22, 0.69, 1.25, 1.8, 2.48, 3.03, 2.22, 1.57, 1.01, 0.5, 0.03, -0.51, -1.01, -1.5, -2.07, -2.55, -3.04, -3.27, -2.78, -2.3, -1.77, -1.26, -0.77, -0.21, 0.26, 0.77, 1.32, 1.88, 2.61, 2.95, 2.12, 1.53, 0.94, 0.46, -0.04, -0.58, -1.06, -1.57, -2.12, -2.61, -3.08, -3.2, -2.74, -2.23, -1.69, -1.21, -0.69, -0.16, 0.34, 0.82, 1.38, 1.96, 2.74, 2.81, 2.06, 1.45, 0.9, 0.39, -0.09, -0.63, -1.14, -1.64, -2.19, -2.66, -3.17, -3.16, -2.66, -2.19, -1.65, -1.13, -0.63, -0.09]
正在输出三角波...
[-2.85, -3.3, -2.97, -2.5, -1.93, -1.44, -0.95, -0.39, 0.08, 0.59, 1.17, 1.65, 2.33, -3.3, 2.4, 1.72, 1.13, 0.65, 0.15, -0.39, -0.9, -1.37, -1.93, -2.43, -2.91, -3.3, -2.92, -2.42, -1.88, -1.37, -0.9, -0.35, 0.15, 0.65, 1.2, 1.72, 2.4, 3.17, 2.29, 1.66, 1.08, 0.57, 0.08, -0.48, -0.95, -1.46, -2.0, -2.49, -2.97, -3.3, -2.86, -2.35, -1.83, -1.34, -0.83, -0.28, 0.23, 0.69, 1.24, 1.81, 2.47, 3.06, 2.22, 1.58, 1.01, 0.51, 0.03, -0.51, -1.01, -1.5, -2.07, -2.55, -3.04, -3.27, -2.78, -2.3, -1.77, -1.26, -0.76, -0.21, 0.27, 0.77, 1.33, 1.88, 2.61, 2.95, 2.12, 1.58, 0.94, 0.47, -0.04, -0.59, -1.06, -1.57, -2.12, -2.61, -3.08, -3.2, -2.74, -2.22, -1.7, -1.21, -0.71, -0.16, 0.34, 0.83, 1.38, 1.96, 2.73, 2.82, 2.03, 1.45, 0.89, 0.39, -0.09, -0.64, -1.13, -1.64, -2.19, -2.66, -3.15, -3.16, -2.66, -2.19, -1.64, -1.13, -0.63, -0.1]
正在输出锯齿波...
[-2.71, -2.64, -2.56, -2.52, -2.41, -2.34, -2.3, -2.23, -2.14, -2.09, -2.02, -1.93, -1.9, -1.81, -1.76, -1.67, -1.59, -1.54, -1.47, -1.38, -1.33, -1.26, -1.16, -1.1, -1.04, -0.99, -0.89, -0.81, -0.77, -0.71, -0.61, -0.56, -0.48, -0.39, -0.34, -0.28, -0.21, -0.13, -0.07, 0.01, 0.06, 0.14, 0.23, 0.28, 0.37, 0.44, 0.49, 0.56, 0.65, 0.7, 0.77, 0.82, 0.91, 1.0, 1.04, 1.14, 1.21, 1.26, 1.31, 1.44, 1.48, 1.55, 1.6, 1.72, 1.82, 1.86, 2.0, 2.08, 2.16, 2.27, 2.41, 2.5, 2.61, 2.73, 2.85, 2.97, 3.14, -3.3, -3.3, -3.3, -3.25, -3.16, -3.08, -3.04, -2.96, -2.87, -2.83, -2.75, -2.66, -2.6, -2.55, -2.5, -2.4, -2.32, -2.29, -2.22, -2.12, -2.07, -2.01, -1.91, -1.87, -1.79, -1.72, -1.63, -1.57, -1.5, -1.45, -1.36, -1.27, -1.23, -1.13, -1.06, -1.02, -0.94, -0.85, -0.79, -0.72, -0.67, -0.58, -0.5, -0.47, -0.37, -0.33, -0.28, -0.18, -0.09, -0.05, 0.03]
正在输出锯齿波...
[-2.55, -2.44, -2.35, -2.3, -2.22, -2.12, -2.03, -1.93, -1.88, -1.78, -1.69, -1.59, -1.55, -1.45, -1.35, -1.26, -1.16, -1.11, -1.01, -0.91, -0.83, -0.76, -0.67, -0.58, -0.48, -0.39, -0.35, -0.24, -0.16, -0.07, 0.02, 0.09, 0.18, 0.26, 0.37, 0.44, 0.52, 0.6, 0.7, 0.77, 0.88, 0.94, 1.03, 1.14, 1.21, 1.35, 1.37, 1.47, 1.56, 1.67, 1.78, 1.86, 1.99, 2.09, 2.22, 2.38, 2.5, 2.6, 2.79, 2.96, 3.12, -3.3, -3.3, -3.27, -3.18, -3.09, -3.04, -2.95, -2.85, -2.76, -2.66, -2.61, -2.52, -2.41, -2.32, -2.28, -2.19, -2.09, -1.99, -1.91, -1.87, -1.77, -1.67, -1.57, -1.5, -1.42, -1.33, -1.24, -1.13, -1.07, -0.99, -0.89, -0.79, -0.72, -0.63, -0.55, -0.47, -0.37, -0.29, -0.21, -0.14, -0.04, 0.04, 0.13, 0.22, 0.3, 0.4, 0.45, 0.56, 0.65, 0.72, 0.79, 0.9, 0.99, 1.13, 1.15, 1.23, 1.32, 1.42, 1.53, 1.58, 1.69, 1.8, 1.93, 2.06, 2.12, 2.26, 2.4]
正在输出锯齿波...
[-2.38, -2.24, -2.14, -2.07, -1.93, -1.86, -1.77, -1.64, -1.53, -1.47, -1.35, -1.25, -1.13, -1.05, -1.01, -0.76, -0.7, -0.59, -0.49, -0.35, -0.26, -0.21, -0.1, 0.02, 0.09, 0.23, 0.25, 0.43, 0.5, 0.59, 0.75, 0.95, 0.91, 1.03, 1.13, 1.21, 1.38, 1.45, 1.57, 1.6, 1.79, 1.92, 1.95, 2.26, 2.37, 2.5, 2.72, 2.9, 3.04, -3.3, -3.3, -3.26, -3.12, -3.03, -2.96, -2.83, -2.74, -2.64, -2.52, -2.42, -2.33, -2.22, -2.12, -2.02, -1.91, -1.82, -1.72, -1.6, -1.5, -1.43, -1.28, -1.21, -1.12, -1.0, -0.9, -0.79, -0.67, -0.58, -0.48, -0.38, -0.29, -0.19, -0.07, 0.03, 0.13, 0.23, 0.34, 0.44, 0.56, 0.65, 0.72, 0.86, 0.93, 1.03, 1.15, 1.26, 1.35, 1.47, 1.56, 1.69, 1.84, 1.97, 2.09, 2.27, 2.4, 2.57, 2.76, 2.95, 3.14, -3.3, -3.3, -3.21, -3.09, -3.0, -2.92, -2.78, -2.71, -2.61, -2.5, -2.4, -2.3, -2.19, -2.09, -2.0, -1.89, -1.79, -1.69, -1.57]
正在输出锯齿波...
[-2.18, -2.07, -1.92, -1.86, -1.72, -1.59, -1.48, -1.35, -1.23, -1.13, -1.01, -0.9, -0.72, -0.63, -0.51, -0.39, -0.29, -0.19, -0.08, 0.06, 0.18, 0.31, 0.39, 0.5, 0.65, 0.77, 0.9, 1.02, 1.14, 1.22, 1.35, 1.48, 1.61, 1.77, 1.93, 2.05, 2.23, 2.4, 2.61, 2.81, 3.03, -3.3, -3.3, -3.2, -3.09, -2.97, -2.86, -2.73, -2.64, -2.52, -2.39, -2.28, -2.14, -2.02, -1.91, -1.81, -1.71, -1.57, -1.45, -1.33, -1.21, -1.11, -1.0, -0.85, -0.72, -0.63, -0.49, -0.38, -0.28, -0.15, -0.04, 0.08, 0.23, 0.34, 0.44, 0.55, 0.68, 0.79, 0.91, 1.04, 1.16, 1.25, 1.37, 1.53, 1.67, 1.8, 1.98, 2.1, 2.27, 2.45, 2.64, 2.84, 3.13, -3.3, -3.3, -3.19, -3.07, -2.96, -2.83, -2.71, -2.61, -2.5, -2.35, -2.24, -2.12, -2.0, -1.89, -1.78, -1.66, -1.54, -1.43, -1.28, -1.16, -1.07, -0.94, -0.83, -0.69, -0.58, -0.46, -0.34, -0.25, -0.13, -0.0, 0.13, 0.24, 0.35, 0.45, 0.59]
正在输出锯齿波...
[-1.92, -1.82, -1.67, -1.55, -1.38, -1.26, -1.11, -0.99, -0.83, -0.7, -0.56, -0.39, -0.28, -0.13, 0.01, 0.15, 0.28, 0.43, 0.55, 0.7, 0.81, 1.0, 1.14, 1.25, 1.42, 1.56, 1.72, 1.87, 2.09, 2.27, 2.49, 2.72, 2.99, -3.3, -3.3, -3.15, -3.04, -2.87, -2.76, -2.61, -2.5, -2.33, -2.21, -2.06, -1.9, -1.79, -1.63, -1.49, -1.36, -1.24, -1.06, -0.95, -0.79, -0.68, -0.51, -0.38, -0.25, -0.09, 0.03, 0.18, 0.29, 0.46, 0.59, 0.72, 0.87, 1.01, 1.16, 1.31, 1.45, 1.58, 1.78, 1.93, 2.12, 2.29, 2.58, 2.76, 3.04, -3.3, -3.28, -3.13, -3.0, -2.85, -2.74, -2.56, -2.44, -2.29, -2.19, -2.02, -1.88, -1.78, -1.58, -1.47, -1.32, -1.21, -1.04, -0.92, -0.76, -0.62, -0.49, -0.35, -0.2, -0.06, 0.08, 0.23, 0.34, 0.5, 0.6, 0.76, 0.88, 1.04, 1.21, 1.32, 1.48, 1.6, 1.81, 1.96, 2.15, 2.37, 2.61, 2.81, 3.13, -3.3, -3.24, -3.09, -2.97, -2.83, -2.71, -2.54]
正在输出锯齿波...
[-1.79, -1.64, -1.47, -1.32, -1.17, -1.02, -0.84, -0.7, -0.55, -0.39, -0.26, -0.09, 0.06, 0.22, 0.37, 0.52, 0.67, 0.82, 0.99, 1.14, 1.3, 1.45, 1.62, 1.81, 1.99, 2.23, 2.44, 2.72, 2.99, -3.3, -3.27, -3.14, -2.96, -2.83, -2.66, -2.52, -2.35, -2.2, -2.07, -1.91, -1.77, -1.59, -1.45, -1.24, -1.14, -1.0, -0.78, -0.68, -0.51, -0.38, -0.2, -0.07, 0.08, 0.24, 0.4, 0.55, 0.7, 0.88, 1.01, 1.15, 1.35, 1.48, 1.67, 1.85, 2.05, 2.27, 2.48, 2.78, 3.05, -3.3, -3.25, -3.08, -2.95, -2.79, -2.64, -2.5, -2.32, -2.2, -2.02, -1.88, -1.73, -1.56, -1.39, -1.26, -1.11, -0.95, -0.79, -0.63, -0.49, -0.35, -0.18, -0.04, 0.13, 0.28, 0.44, 0.58, 0.74, 0.89, 1.04, 1.2, 1.35, 1.53, 1.69, 1.87, 2.09, 2.3, 2.57, 2.81, 3.13, -3.3, -3.2, -3.07, -2.92, -2.76, -2.61, -2.43, -2.3, -2.14, -1.99, -1.86, -1.69, -1.55, -1.38, -1.23, -1.06, -0.93, -0.76, -0.6]
正在输出锯齿波...
[-1.59, -1.46, -1.26, -1.11, -0.92, -0.77, -0.59, -0.39, -0.27, -0.07, 0.08, 0.26, 0.43, 0.6, 0.76, 0.93, 1.14, 1.29, 1.47, 1.66, 1.86, 2.07, 2.35, 2.61, 2.94, -3.3, -3.27, -3.09, -2.95, -2.76, -2.61, -2.42, -2.28, -2.09, -1.92, -1.77, -1.56, -1.43, -1.24, -1.06, -0.9, -0.73, -0.57, -0.37, -0.21, -0.04, 0.13, 0.29, 0.46, 0.65, 0.78, 1.0, 1.15, 1.33, 1.52, 1.69, 1.93, 2.12, 2.41, 2.65, 2.98, -3.3, -3.25, -3.06, -2.92, -2.74, -2.57, -2.39, -2.23, -2.07, -1.88, -1.71, -1.54, -1.38, -1.21, -1.04, -0.85, -0.7, -0.51, -0.35, -0.18, 0.0, 0.16, 0.34, 0.49, 0.68, 0.82, 1.02, 1.2, 1.35, 1.55, 1.72, 1.95, 2.16, 2.45, 2.72, 3.04, -3.3, -3.2, -3.04, -2.87, -2.72, -2.55, -2.35, -2.21, -2.03, -1.86, -1.7, -1.5, -1.36, -1.16, -1.01, -0.83, -0.67, -0.49, -0.3, -0.17, 0.03, 0.17, 0.36, 0.52, 0.67, 0.86, 1.04, 1.23, 1.38, 1.57, 1.79]
正在输出锯齿波...
[-1.38, -1.16, -0.99, -0.8, -0.61, -0.39, -0.21, -0.04, 0.15, 0.36, 0.55, 0.72, 0.91, 1.14, 1.32, 1.53, 1.73, 1.98, 2.27, 2.56, 2.86, -3.3, -3.25, -3.07, -2.87, -2.66, -2.5, -2.3, -2.12, -1.91, -1.72, -1.55, -1.35, -1.13, -0.94, -0.77, -0.59, -0.38, -0.18, 0.01, 0.18, 0.38, 0.58, 0.76, 0.93, 1.16, 1.35, 1.55, 1.77, 2.06, 2.3, 2.61, 2.94, -3.3, -3.21, -3.04, -2.85, -2.64, -2.44, -2.29, -2.1, -1.88, -1.7, -1.5, -1.33, -1.12, -0.93, -0.74, -0.56, -0.35, -0.16, 0.03, 0.22, 0.44, 0.6, 0.8, 0.99, 1.21, 1.37, 1.57, 1.81, 2.09, 2.37, 2.64, 2.99, -3.3, -3.17, -2.99, -2.83, -2.61, -2.42, -2.23, -2.06, -1.86, -1.67, -1.48, -1.28, -1.06, -0.9, -0.7, -0.51, -0.31, -0.13, 0.05, 0.24, 0.45, 0.65, 0.8, 1.01, 1.22, 1.42, 1.6, 1.83, 2.13, 2.4, 2.73, 3.04, -3.3, -3.15, -2.97, -2.79, -2.57, -2.4, -2.22, -2.03, -1.81, -1.65, -1.45]
正在输出锯齿波...
[-1.38, -1.16, -0.99, -0.79, -0.6, -0.39, -0.21, -0.04, 0.15, 0.37, 0.55, 0.72, 0.93, 1.14, 1.33, 1.53, 1.73, 1.98, 2.27, 2.57, 2.86, -3.3, -3.25, -3.06, -2.88, -2.66, -2.48, -2.3, -2.12, -1.9, -1.71, -1.54, -1.36, -1.13, -0.94, -0.76, -0.58, -0.39, -0.18, 0.02, 0.17, 0.39, 0.58, 0.77, 0.94, 1.16, 1.35, 1.55, 1.78, 2.06, 2.28, 2.61, 2.94, -3.3, -3.2, -3.04, -2.85, -2.64, -2.44, -2.29, -2.09, -1.89, -1.69, -1.5, -1.32, -1.11, -0.91, -0.72, -0.56, -0.34, -0.16, 0.03, 0.22, 0.43, 0.59, 0.8, 0.99, 1.2, 1.37, 1.58, 1.8, 2.09, 2.37, 2.65, 2.99, -3.3, -3.18, -3.0, -2.83, -2.62, -2.41, -2.24, -2.07, -1.86, -1.67, -1.47, -1.28, -1.06, -0.9, -0.7, -0.52, -0.3, -0.13, 0.09, 0.24, 0.47, 0.65, 0.8, 1.02, 1.22, 1.43, 1.61, 1.84, 2.14, 2.4, 2.74, 3.05, -3.3, -3.16, -2.97, -2.78, -2.57, -2.4, -2.22, -2.02, -1.81, -1.63, -1.45]
正在输出锯齿波...
[-1.07, -0.85, -0.63, -0.36, -0.18, 0.04, 0.25, 0.45, 0.67, 0.89, 1.13, 1.34, 1.58, 1.84, 2.13, 2.44, 2.82, -3.3, -3.2, -3.0, -2.79, -2.57, -2.35, -2.14, -1.91, -1.7, -1.47, -1.26, -1.04, -0.83, -0.6, -0.37, -0.16, 0.07, 0.26, 0.44, 0.7, 0.93, 1.15, 1.37, 1.6, 1.87, 2.16, 2.49, 2.86, -3.3, -3.18, -2.98, -2.76, -2.55, -2.33, -2.12, -1.89, -1.67, -1.45, -1.24, -1.03, -0.83, -0.58, -0.35, -0.13, 0.08, 0.29, 0.5, 0.72, 0.94, 1.2, 1.42, 1.65, 1.92, 2.22, 2.57, 2.94, -3.3, -3.15, -2.94, -2.74, -2.52, -2.3, -2.09, -1.86, -1.64, -1.43, -1.21, -0.99, -0.77, -0.56, -0.3, -0.09, 0.13, 0.33, 0.56, 0.77, 0.99, 1.23, 1.45, 1.7, 1.96, 2.26, 2.62, 2.99, -3.3, -3.14, -2.92, -2.71, -2.5, -2.28, -2.07, -1.81, -1.59, -1.38, -1.16, -0.95, -0.72, -0.52, -0.28, -0.07, 0.16, 0.36, 0.59, 0.79, 1.02, 1.25, 1.47, 1.73, 1.99, 2.3, 2.65]
正在输出锯齿波...
[-0.66, -0.38, -0.16, 0.19, 0.31, 0.61, 0.88, 1.13, 1.4, 1.64, 1.99, 2.37, 2.76, -3.3, -3.18, -2.95, -2.66, -2.41, -2.19, -1.88, -1.68, -1.45, -1.18, -0.88, -0.63, -0.42, -0.13, 0.12, 0.41, 0.57, 0.79, 1.12, 1.42, 1.82, 2.06, 2.41, 2.81, -3.3, -3.17, -2.92, -2.64, -2.39, -2.14, -1.88, -1.64, -1.38, -1.13, -0.85, -0.6, -0.35, -0.09, 0.16, 0.43, 0.67, 0.91, 1.21, 1.45, 1.72, 2.1, 2.44, 2.86, -3.3, -3.13, -2.88, -2.62, -2.35, -2.12, -1.86, -1.59, -1.36, -1.06, -0.83, -0.59, -0.31, -0.08, 0.17, 0.46, 0.7, 0.94, 1.23, 1.48, 1.78, 2.12, 2.5, 2.94, -3.3, -3.09, -2.86, -2.57, -2.32, -2.09, -1.8, -1.57, -1.33, -1.04, -0.78, -0.57, -0.28, -0.04, 0.23, 0.49, 0.72, 0.98, 1.26, 1.53, 1.81, 2.15, 2.58, 2.99, -3.29, -3.07, -2.83, -2.55, -2.3, -2.07, -1.8, -1.55, -1.31, -1.02, -0.77, -0.51, -0.26, 0.02, 0.25, 0.51, 0.76, 1.02, 1.3]
正在输出锯齿波...
[-0.68, -0.39, -0.17, 0.08, 0.37, 0.6, 0.86, 1.11, 1.37, 1.67, 1.99, 2.38, 2.76, -3.3, -3.18, -2.95, -2.66, -2.41, -2.19, -1.91, -1.67, -1.42, -1.13, -0.89, -0.64, -0.38, -0.13, 0.12, 0.42, 0.64, 0.9, 1.14, 1.42, 1.69, 2.14, 2.4, 2.81, -3.3, -3.15, -2.93, -2.63, -2.4, -2.14, -1.89, -1.65, -1.37, -1.12, -0.85, -0.61, -0.35, -0.08, 0.14, 0.44, 0.68, 0.92, 1.2, 1.44, 1.71, 2.09, 2.45, 2.86, -3.3, -3.14, -2.88, -2.61, -2.35, -2.11, -1.86, -1.6, -1.36, -1.06, -0.83, -0.59, -0.3, -0.07, 0.18, 0.47, 0.7, 0.94, 1.23, 1.48, 1.77, 2.12, 2.49, 2.96, -3.3, -3.09, -2.85, -2.57, -2.34, -2.09, -1.82, -1.57, -1.32, -1.03, -0.79, -0.55, -0.28, -0.04, 0.23, 0.48, 0.72, 0.99, 1.25, 1.53, 1.81, 2.16, 2.58, 3.0, -3.3, -3.07, -2.83, -2.55, -2.29, -2.07, -1.79, -1.54, -1.28, -1.01, -0.75, -0.51, -0.26, -0.0, 0.24, 0.5, 0.75, 1.01, 1.3]
正在输出锯齿波...
[-0.68, -0.39, -0.15, 0.08, 0.36, 0.6, 0.87, 1.13, 1.37, 1.67, 1.99, 2.37, 2.76, -3.3, -3.17, -2.96, -2.66, -2.42, -2.19, -1.91, -1.67, -1.43, -1.14, -0.9, -0.64, -0.37, -0.14, 0.14, 0.4, 0.64, 0.9, 1.15, 1.42, 1.68, 2.05, 2.41, 2.81, -3.3, -3.16, -2.93, -2.64, -2.4, -2.14, -1.88, -1.64, -1.38, -1.11, -0.85, -0.61, -0.35, -0.09, 0.17, 0.44, 0.67, 0.92, 1.2, 1.45, 1.73, 2.1, 2.45, 2.86, -3.3, -3.13, -2.87, -2.61, -2.35, -2.11, -1.87, -1.6, -1.36, -1.06, -0.83, -0.58, -0.31, -0.07, 0.16, 0.47, 0.7, 0.95, 1.23, 1.47, 1.77, 2.13, 2.48, 2.95, -3.3, -3.09, -2.86, -2.57, -2.32, -2.1, -1.82, -1.57, -1.33, -1.04, -0.78, -0.55, -0.28, -0.04, 0.21, 0.5, 0.72, 0.99, 1.24, 1.53, 1.81, 2.15, 2.56, 2.99, -3.3, -3.07, -2.82, -2.55, -2.3, -2.07, -1.79, -1.54, -1.29, -1.02, -0.77, -0.51, -0.25, 0.02, 0.25, 0.51, 0.77, 1.02, 1.3]

